0.200000000000000 1.548707775466060 0.000000000000000E+00 1.55630135
0.220000000000000 1.526258256874680 0.000000000000000E+00 1.56569692
0.240000000000000 1.510704634500270 0.000000000000000E+00 1.57487179
0.260000000000000 1.499304035584060 0.000000000000000E+00 1.58391672
0.280000000000000 1.490585681745970 0.000000000000000E+00 1.59288690
0.300000000000000 1.483689162253390 0.000000000000000E+00 1.60181880
0.320000000000000 1.478077989483500 0.000000000000000E+00 1.61073807
0.340000000000000 1.473400881099880 0.000000000000000E+00 1.61966373
0.360000000000000 1.469418717466220 0.000000000000000E+00 1.62861051
0.380000000000000 1.465963495774140 0.000000000000000E+00 1.63759027
0.400000000000000 1.462914030174000 0.000000000000000E+00 1.64661282
0.420000000000000 1.460180936639130 0.000000000000000E+00 1.65568657
0.440000000000000 1.457697016386860 0.000000000000000E+00 1.66481884
0.460000000000000 1.455410906138500 0.000000000000000E+00 1.67401619
0.480000000000000 1.453282773726180 0.000000000000000E+00 1.68328455
0.500000000000000 1.451281332511470 0.000000000000000E+00 1.69262941
0.520000000000000 1.449381728292590 0.000000000000000E+00 1.70205588
0.540000000000000 1.447564016654030 0.000000000000000E+00 1.71156880
0.560000000000000 1.445812048021320 0.000000000000000E+00 1.72117279
0.580000000000000 1.444112639365380 0.000000000000000E+00 1.73087232
0.600000000000000 1.442454950749550 0.000000000000000E+00 1.74067168
0.620000000000000 1.440830010432900 0.000000000000000E+00 1.75057511
0.640000000000000 1.439230349167390 0.000000000000000E+00 1.76058675
0.660000000000000 1.437649715748320 0.000000000000000E+00 1.77071070
0.680000000000000 1.436082853714650 0.000000000000000E+00 1.78095102
0.700000000000000 1.434525324551520 0.000000000000000E+00 1.79131177
0.720000000000000 1.432973366599250 0.000000000000000E+00 1.80179700
0.740000000000000 1.431423781625900 0.000000000000000E+00 1.81241077
0.760000000000000 1.429873843011940 0.000000000000000E+00 1.82315718
0.780000000000000 1.428321220951540 0.000000000000000E+00 1.83404035
0.800000000000000 1.426763921149890 0.000000000000000E+00 1.84506444
0.820000000000000 1.425200234298420 0.000000000000000E+00 1.85623370
0.840000000000000 1.423628694212240 0.000000000000000E+00 1.86755239
0.860000000000000 1.422048042972080 0.000000000000000E+00 1.87902490
0.880000000000000 1.420457201762750 0.000000000000000E+00 1.89065564
0.900000000000000 1.418855246369300 0.000000000000000E+00 1.90244914
0.920000000000000 1.417241386501290 0.000000000000000E+00 1.91441003
0.940000000000000 1.415614948278440 0.000000000000000E+00 1.92654301
0.960000000000001 1.413975359339340 0.000000000000000E+00 1.93885290
0.980000000000001 1.412322136135860 0.000000000000000E+00 1.95134465
1.000000000000000 1.410654873056770 0.000000000000000E+00 1.96402330
1.020000000000000 1.408973233087940 0.000000000000000E+00 1.97689403
1.040000000000000 1.407276939768530 0.000000000000000E+00 1.98996216
1.060000000000000 1.405565770244090 0.000000000000000E+00 2.00323314
1.080000000000000 1.403839549251260 0.000000000000000E+00 2.01671256
1.100000000000000 1.402098143896350 0.000000000000000E+00 2.03040618
1.120000000000000 1.400341459112570 0.000000000000000E+00 2.04431990
1.140000000000000 1.398569433699220 0.000000000000000E+00 2.05845981
1.160000000000000 1.396782036861240 0.000000000000000E+00 2.07283214
1.180000000000000 1.394979265180370 0.000000000000000E+00 2.08744332
1.200000000000000 1.393161139959460 0.000000000000000E+00 2.10229997
1.220000000000000 1.391327704890260 0.000000000000000E+00 2.11740891
1.240000000000000 1.389479024002310 0.000000000000000E+00 2.13277714
1.260000000000000 1.387615179856790 0.000000000000000E+00 2.14841188
1.280000000000000 1.385736271954080 0.000000000000000E+00 2.16432059
1.300000000000000 1.383842415328460 0.000000000000000E+00 2.18051093
1.320000000000000 1.381933739306840 0.000000000000000E+00 2.19699080
1.340000000000000 1.380010386411450 0.000000000000000E+00 2.21376836
1.360000000000000 1.378072511389490 0.000000000000000E+00 2.23085201
1.380000000000000 1.376120280354430 0.000000000000000E+00 2.24825043
1.400000000000000 1.374153870026140 0.000000000000000E+00 2.26597255
1.420000000000000 1.372173467058220 0.000000000000000E+00 2.28402759
1.440000000000000 1.370179267442710 0.000000000000000E+00 2.30242509
1.460000000000000 1.368171475983320 0.000000000000000E+00 2.32117487
1.480000000000000 1.366150305829430 0.000000000000000E+00 2.34028707
1.500000000000000 1.364115978064170 0.000000000000000E+00 2.35977216
1.520000000000000 1.362068721340540 0.000000000000000E+00 2.37964096
1.540000000000000 1.360008771560140 0.000000000000000E+00 2.39990464
1.560000000000000 1.357936371589900 0.000000000000000E+00 2.42057473
1.580000000000000 1.355851771012540 3.097445953858170E-13 2.44166314
1.600000000000000 1.353755225906960 4.986011603591580E-13 2.46318219
1.620000000000000 1.351646998655270 7.909220424862780E-13 2.48514459
1.640000000000000 1.349527357773300 1.237068607273800E-12 2.50756347
1.660000000000000 1.347396577761950 1.911966245049520E-12 2.53045243
1.680000000000000 1.345254938976840 2.921565767088910E-12 2.55382550
1.700000000000000 1.343102727514080 4.418132526495810E-12 2.57769718
1.720000000000000 1.340940235109980 6.616263092951160E-12 2.60208247
1.740000000000000 1.338767759052990 9.818066498690210E-12 2.62699686
1.760000000000000 1.336585602106030 1.444407093931230E-11 2.65245639
1.780000000000000 1.334394072437600 2.107686334490430E-11 2.67847762
1.800000000000000 1.332193483560410 3.051703377845990E-11 2.70507769
1.820000000000000 1.329984154275910 4.385902752090940E-11 2.73227429
1.840000000000000 1.327766408623580 6.258815687942840E-11 2.76008576
1.860000000000000 1.325540575833910 8.870859602438940E-11 2.78853102
1.880000000000000 1.323306990283690 1.249078618315030E-10 2.81762967
1.900000000000000 1.321065991452860 1.747705868915260E-10 2.84740195
1.920000000000000 1.318817923881770 2.430507808903750E-10 2.87786880
1.940000000000000 1.316563137127900 3.360180883538180E-10 2.90905189
1.960000000000000 1.314301985721360 4.618978506967800E-10 2.94097362
1.980000000000000 1.312034829118110 6.314280209807070E-10 2.97365714
2.000000000000000 1.309762031650190 8.585502309088610E-10 3.00712641
