0.200000000000000 1.549060059467640 0.000000000000000E+00 1.93508045
0.220000000000000 1.526687201346020 0.000000000000000E+00 1.94550836
0.240000000000000 1.511216225887110 0.000000000000000E+00 1.95568211
0.260000000000000 1.499904258469090 0.000000000000000E+00 1.96570241
0.280000000000000 1.491280460799860 0.000000000000000E+00 1.97563019
0.300000000000000 1.484484335630200 0.000000000000000E+00 1.98550540
0.320000000000000 1.478979295879870 0.000000000000000E+00 1.99535589
0.340000000000000 1.474413953406380 0.000000000000000E+00 2.00520209
0.360000000000000 1.470549079853140 0.000000000000000E+00 2.01505962
0.380000000000000 1.467216562672250 0.000000000000000E+00 2.02494089
0.400000000000000 1.464295106343260 0.000000000000000E+00 2.03485610
0.420000000000000 1.461695217880720 0.000000000000000E+00 2.04481381
0.440000000000000 1.459349590640280 0.000000000000000E+00 2.05482144
0.460000000000000 1.457206754806550 0.000000000000000E+00 2.06488552
0.480000000000000 1.455226773130770 0.000000000000000E+00 2.07501194
0.500000000000000 1.453378255417550 0.000000000000000E+00 2.08520605
0.520000000000000 1.451636245458780 0.000000000000000E+00 2.09547281
0.540000000000000 1.449980698381820 0.000000000000000E+00 2.10581689
0.560000000000000 1.448395365683620 0.000000000000000E+00 2.11624267
0.580000000000000 1.446866966900790 0.000000000000000E+00 2.12675436
0.600000000000000 1.445384566112690 0.000000000000000E+00 2.13735599
0.620000000000000 1.443939096994080 0.000000000000000E+00 2.14805148
0.640000000000000 1.442522997056070 0.000000000000000E+00 2.15884465
0.660000000000000 1.441129923137230 0.000000000000000E+00 2.16973923
0.680000000000000 1.439754528041460 0.000000000000000E+00 2.18073890
0.700000000000000 1.438392283676360 0.000000000000000E+00 2.19184731
0.720000000000000 1.437039339896490 0.000000000000000E+00 2.20306807
0.740000000000000 1.435692411009390 0.000000000000000E+00 2.21440476
0.760000000000000 1.434348683893080 0.000000000000000E+00 2.22586099
0.780000000000000 1.433005743129670 0.000000000000000E+00 2.23744036
0.800000000000000 1.431661509635090 0.000000000000000E+00 2.24914646
0.820000000000000 1.430314190066590 0.000000000000000E+00 2.26098294
0.840000000000000 1.428962234892640 0.000000000000000E+00 2.27295346
0.860000000000000 1.427604303467780 0.000000000000000E+00 2.28506173
0.880000000000000 1.426239234804170 0.000000000000000E+00 2.29731147
0.900000000000000 1.424866023001480 0.000000000000000E+00 2.30970648
0.920000000000000 1.423483796505260 0.000000000000000E+00 2.32225062
0.940000000000000 1.422091800527460 0.000000000000000E+00 2.33494778
0.960000000000001 1.420689382090480 0.000000000000000E+00 2.34780193
0.980000000000001 1.419275977257710 0.000000000000000E+00 2.36081713
1.000000000000000 1.417851100193870 0.000000000000000E+00 2.37399749
1.020000000000000 1.416414333762700 0.000000000000000E+00 2.38734720
1.040000000000000 1.414965321421410 0.000000000000000E+00 2.40087056
1.060000000000000 1.413503760212710 0.000000000000000E+00 2.41457194
1.080000000000000 1.412029394689230 0.000000000000000E+00 2.42845581
1.100000000000000 1.410542011632560 0.000000000000000E+00 2.44252675
1.120000000000000 1.409041435451740 0.000000000000000E+00 2.45678942
1.140000000000000 1.407527524164410 0.000000000000000E+00 2.47124863
1.160000000000000 1.406000165879120 0.000000000000000E+00 2.48590926
1.180000000000000 1.404459275709980 0.000000000000000E+00 2.50077633
1.200000000000000 1.402904793065240 0.000000000000000E+00 2.51585500
1.220000000000000 1.401336679260030 0.000000000000000E+00 2.53115054
1.240000000000000 1.399754915411100 0.000000000000000E+00 2.54666835
1.260000000000000 1.398159500577070 0.000000000000000E+00 2.56241399
1.280000000000000 1.396550450113400 0.000000000000000E+00 2.57839314
1.300000000000000 1.394927794215080 0.000000000000000E+00 2.59461165
1.320000000000000 1.393291576624170 0.000000000000000E+00 2.61107553
1.340000000000000 1.391641853482250 0.000000000000000E+00 2.62779092
1.360000000000000 1.389978692310500 0.000000000000000E+00 2.64476416
1.380000000000000 1.388302171102400 0.000000000000000E+00 2.66200175
1.400000000000000 1.386612377516140 0.000000000000000E+00 2.67951038
1.420000000000000 1.384909408155220 0.000000000000000E+00 2.69729690
1.440000000000000 1.383193367927380 0.000000000000000E+00 2.71536838
1.460000000000000 1.381464369473160 0.000000000000000E+00 2.73373207
1.480000000000000 1.379722532656440 0.000000000000000E+00 2.75239544
1.500000000000000 1.377967984110200 0.000000000000000E+00 2.77136617
1.520000000000000 1.376200856831680 0.000000000000000E+00 2.79065216
1.540000000000000 1.374421289821550 0.000000000000000E+00 2.81026152
1.560000000000000 1.372629427762640 0.000000000000000E+00 2.83020262
1.580000000000000 1.370825420734010 0.000000000000000E+00 2.85048408
1.600000000000000 1.369009423956750 0.000000000000000E+00 2.87111473
1.620000000000000 1.367181597568260 0.000000000000000E+00 2.89210371
1.640000000000000 1.365342106422160 0.000000000000000E+00 2.91346041
1.660000000000000 1.363491119911150 0.000000000000000E+00 2.93519448
1.680000000000000 1.361628811810600 0.000000000000000E+00 2.95731590
1.700000000000000 1.359755360140720 0.000000000000000E+00 2.97983492
1.720000000000000 1.357870947045450 0.000000000000000E+00 3.00276210
1.740000000000000 1.355975758686470 0.000000000000000E+00 3.02610833
1.760000000000000 1.354069985150570 3.068656440063930E-13 3.04988483
1.780000000000000 1.352153820369300 4.717337631632290E-13 3.07410315
1.800000000000000 1.350227462049370 7.165083262495970E-13 3.09877521
1.820000000000000 1.348291111612810 1.076122264215270E-12 3.12391328
1.840000000000000 1.346344974145810 1.599942400787310E-12 3.14953003
1.860000000000000 1.344389258355160 2.356448369766900E-12 3.17563850
1.880000000000000 1.342424176531600 3.440415433011300E-12 3.20225213
1.900000000000000 1.340449944519070 4.982569912215240E-12 3.22938481
1.920000000000000 1.338466781689210 7.160050221992340E-12 3.25705082
1.940000000000000 1.336474910920400 1.021438489345880E-11 3.28526492
1.960000000000000 1.334474558580590 1.447092619344390E-11 3.31404231
1.980000000000000 1.332465954513390 2.036737445365590E-11 3.34339869
2.000000000000000 1.330449332026840 2.848625155205120E-11 3.37335023
