0.200000000000000 1.550263991554340 0.000000000000000E+00    11.56937907
0.220000000000000 1.528156581901580 0.000000000000000E+00    11.59427468
0.240000000000000 1.512972701813220 0.000000000000000E+00    11.61845886
0.260000000000000 1.501969589760630 0.000000000000000E+00    11.64217734
0.280000000000000 1.493676318665990 0.000000000000000E+00    11.66557751
0.300000000000000 1.487232207817780 0.000000000000000E+00    11.68875455
0.320000000000000 1.482100438690270 0.000000000000000E+00    11.71177329
0.340000000000000 1.477929366324570 0.000000000000000E+00    11.73467983
0.360000000000000 1.474479492030840 0.000000000000000E+00    11.75750801
0.380000000000000 1.471582426013920 0.000000000000000E+00    11.78028338
0.400000000000000 1.469116592450870 0.000000000000000E+00    11.80302568
0.420000000000000 1.466992217334560 0.000000000000000E+00    11.82575048
0.440000000000000 1.465141713734190 0.000000000000000E+00    11.84847026
0.460000000000000 1.463513333206050 0.000000000000000E+00    11.87119520
0.480000000000000 1.462066862120810 0.000000000000000E+00    11.89393372
0.500000000000000 1.460770636527300 0.000000000000000E+00    11.91669290
0.520000000000000 1.459599429321440 0.000000000000000E+00    11.93947873
0.540000000000000 1.458532927735400 0.000000000000000E+00    11.96229641
0.560000000000000 1.457554618446680 0.000000000000000E+00    11.98515043
0.580000000000000 1.456650959277550 0.000000000000000E+00    12.00804479
0.600000000000000 1.455810755694840 0.000000000000000E+00    12.03098304
0.620000000000000 1.455024685835430 0.000000000000000E+00    12.05396840
0.640000000000000 1.454284934702900 0.000000000000000E+00    12.07700379
0.660000000000000 1.453584909601250 0.000000000000000E+00    12.10009191
0.680000000000000 1.452919016706490 0.000000000000000E+00    12.12323529
0.700000000000000 1.452282484129530 0.000000000000000E+00    12.14643629
0.720000000000000 1.451671220681280 0.000000000000000E+00    12.16969714
0.740000000000000 1.451081702293240 0.000000000000000E+00    12.19301999
0.760000000000000 1.450510880048150 0.000000000000000E+00    12.21640688
0.780000000000000 1.449956105223580 0.000000000000000E+00    12.23985981
0.800000000000000 1.449415067829810 0.000000000000000E+00    12.26338068
0.820000000000001 1.448885745923040 0.000000000000000E+00    12.28697139
0.840000000000001 1.448366363582360 0.000000000000000E+00    12.31063378
0.860000000000001 1.447855355887440 0.000000000000000E+00    12.33436966
0.880000000000001 1.447351339594010 0.000000000000000E+00    12.35818082
0.900000000000001 1.446853088468750 0.000000000000000E+00    12.38206903
0.920000000000001 1.446359512448650 0.000000000000000E+00    12.40603605
0.940000000000000 1.445869639966270 0.000000000000000E+00    12.43008361
0.960000000000001 1.445382602895550 0.000000000000000E+00    12.45421345
0.980000000000001 1.444897623685870 0.000000000000000E+00    12.47842730
1.000000000000000 1.444414004325410 0.000000000000000E+00    12.50272688
1.020000000000000 1.443931116842210 0.000000000000000E+00    12.52711392
1.040000000000000 1.443448395102020 0.000000000000000E+00    12.55159013
1.060000000000000 1.442965327704580 0.000000000000000E+00    12.57615724
1.080000000000000 1.442481451812010 0.000000000000000E+00    12.60081698
1.100000000000000 1.441996347772520 0.000000000000000E+00    12.62557106
1.120000000000000 1.441509634424170 0.000000000000000E+00    12.65042122
1.140000000000000 1.441020964981310 0.000000000000000E+00    12.67536920
1.160000000000000 1.440530023423210 0.000000000000000E+00    12.70041674
1.180000000000000 1.440036521314560 0.000000000000000E+00    12.72556559
1.200000000000000 1.439540195001650 0.000000000000000E+00    12.75081750
1.220000000000000 1.439040803132330 0.000000000000000E+00    12.77617424
1.240000000000000 1.438538124458660 0.000000000000000E+00    12.80163758
1.260000000000000 1.438031955885810 0.000000000000000E+00    12.82720931
1.280000000000000 1.437522110735970 0.000000000000000E+00    12.85289121
1.300000000000000 1.437008417200660 0.000000000000000E+00    12.87868508
1.320000000000000 1.436490716958340 0.000000000000000E+00    12.90459275
1.340000000000000 1.435968863937440 0.000000000000000E+00    12.93061602
1.360000000000000 1.435442723207640 0.000000000000000E+00    12.95675675
1.380000000000000 1.434912169984270 0.000000000000000E+00    12.98301677
1.400000000000000 1.434377088732820 0.000000000000000E+00    13.00939795
1.420000000000000 1.433837372362390 0.000000000000000E+00    13.03590217
1.440000000000000 1.433292921497800 0.000000000000000E+00    13.06253131
1.460000000000000 1.432743643822040 0.000000000000000E+00    13.08928727
1.480000000000000 1.432189453481090 0.000000000000000E+00    13.11617198
1.500000000000000 1.431630270544630 0.000000000000000E+00    13.14318738
1.520000000000000 1.431066020516650 0.000000000000000E+00    13.17033541
1.540000000000000 1.430496633890660 0.000000000000000E+00    13.19761804
1.560000000000000 1.429922045745070 0.000000000000000E+00    13.22503726
1.580000000000000 1.429342195374510 0.000000000000000E+00    13.25259508
1.600000000000000 1.428757025953540 0.000000000000000E+00    13.28029352
1.620000000000000 1.428166484229500 0.000000000000000E+00    13.30813463
1.640000000000000 1.427570520241690 0.000000000000000E+00    13.33612046
1.660000000000000 1.426969087064270 0.000000000000000E+00    13.36425311
1.680000000000000 1.426362140570650 0.000000000000000E+00    13.39253467
1.700000000000000 1.425749639217360 0.000000000000000E+00    13.42096728
1.720000000000000 1.425131543845480 0.000000000000000E+00    13.44955310
1.740000000000000 1.424507817498130 0.000000000000000E+00    13.47829429
1.760000000000000 1.423878425252480 0.000000000000000E+00    13.50719305
1.780000000000000 1.423243334065010 0.000000000000000E+00    13.53625162
1.800000000000000 1.422602512628700 0.000000000000000E+00    13.56547223
1.820000000000000 1.421955931241410 0.000000000000000E+00    13.59485717
1.840000000000000 1.421303561684090 0.000000000000000E+00    13.62440874
1.860000000000000 1.420645377108220 0.000000000000000E+00    13.65412927
1.880000000000000 1.419981351931640 0.000000000000000E+00    13.68402113
1.900000000000000 1.419311461742030 0.000000000000000E+00    13.71408669
1.920000000000000 1.418635683207390 0.000000000000000E+00    13.74432839
1.940000000000000 1.417953993992970 0.000000000000000E+00    13.77474868
1.960000000000000 1.417266372684130 0.000000000000000E+00    13.80535003
1.980000000000000 1.416572798714650 0.000000000000000E+00    13.83613497
2.000000000000000 1.415873252299920 0.000000000000000E+00    13.86710604
