0.200000000000000 1.548898296778770 0.000000000000000E+00 1.74053444
0.220000000000000 1.526490191486510 0.000000000000000E+00 1.75044609
0.240000000000000 1.510981204415870 0.000000000000000E+00 1.76012025
0.260000000000000 1.499628460306530 0.000000000000000E+00 1.76965262
0.280000000000000 1.490961146939080 0.000000000000000E+00 1.77910124
0.300000000000000 1.484118805412030 0.000000000000000E+00 1.78850430
0.320000000000000 1.478564892992780 0.000000000000000E+00 1.79788853
0.340000000000000 1.473948068857670 0.000000000000000E+00 1.80727364
0.360000000000000 1.470029153359860 0.000000000000000E+00 1.81667481
0.380000000000000 1.466640083180090 0.000000000000000E+00 1.82610415
0.400000000000000 1.463659612043050 0.000000000000000E+00 1.83557165
0.420000000000000 1.460998295926530 0.000000000000000E+00 1.84508581
0.440000000000000 1.458588876687650 0.000000000000000E+00 1.85465398
0.460000000000000 1.456379932443720 0.000000000000000E+00 1.86428269
0.480000000000000 1.454331573246460 0.000000000000000E+00 1.87397786
0.500000000000000 1.452412455534800 0.000000000000000E+00 1.88374488
0.520000000000000 1.450597669053550 0.000000000000000E+00 1.89358880
0.540000000000000 1.448867214199230 0.000000000000000E+00 1.90351435
0.560000000000000 1.447204887060720 0.000000000000000E+00 1.91352602
0.580000000000000 1.445597451102200 0.000000000000000E+00 1.92362813
0.600000000000000 1.444034013683360 0.000000000000000E+00 1.93382484
0.620000000000000 1.442505551132430 0.000000000000000E+00 1.94412020
0.640000000000000 1.441004543010070 0.000000000000000E+00 1.95451818
0.660000000000000 1.439524687624790 0.000000000000000E+00 1.96502268
0.680000000000000 1.438060678696700 0.000000000000000E+00 1.97563754
0.700000000000000 1.436608028522440 0.000000000000000E+00 1.98636660
0.720000000000000 1.435162926846000 0.000000000000000E+00 1.99721366
0.740000000000000 1.433722127392470 0.000000000000000E+00 2.00818252
0.760000000000000 1.432282856013780 0.000000000000000E+00 2.01927701
0.780000000000000 1.430842735850720 0.000000000000000E+00 2.03050094
0.800000000000000 1.429399725991230 0.000000000000000E+00 2.04185820
0.820000000000000 1.427952070906410 0.000000000000000E+00 2.05335266
0.840000000000000 1.426498258549090 0.000000000000000E+00 2.06498827
0.860000000000000 1.425036985457030 0.000000000000000E+00 2.07676902
0.880000000000000 1.423567127552940 0.000000000000000E+00 2.08869897
0.900000000000000 1.422087715602470 0.000000000000000E+00 2.10078223
0.920000000000000 1.420597914500750 0.000000000000000E+00 2.11302299
0.940000000000000 1.419097005720590 0.000000000000000E+00 2.12542550
0.960000000000001 1.417584372384190 0.000000000000000E+00 2.13799413
0.980000000000001 1.416059486521010 0.000000000000000E+00 2.15073331
1.000000000000000 1.414521898155140 0.000000000000000E+00 2.16364757
1.020000000000000 1.412971225929870 0.000000000000000E+00 2.17674154
1.040000000000000 1.411407149028580 0.000000000000000E+00 2.19001996
1.060000000000000 1.409829400193060 0.000000000000000E+00 2.20348770
1.080000000000000 1.408237759673840 0.000000000000000E+00 2.21714970
1.100000000000000 1.406632049974890 0.000000000000000E+00 2.23101107
1.120000000000000 1.405012131277430 0.000000000000000E+00 2.24507702
1.140000000000000 1.403377897446090 0.000000000000000E+00 2.25935291
1.160000000000000 1.401729272536050 0.000000000000000E+00 2.27384423
1.180000000000000 1.400066207732060 0.000000000000000E+00 2.28855663
1.200000000000000 1.398388678661170 0.000000000000000E+00 2.30349589
1.220000000000000 1.396696683029350 0.000000000000000E+00 2.31866796
1.240000000000000 1.394990238539750 0.000000000000000E+00 2.33407895
1.260000000000000 1.393269381056230 0.000000000000000E+00 2.34973515
1.280000000000000 1.391534162981270 0.000000000000000E+00 2.36564302
1.300000000000000 1.389784651821300 0.000000000000000E+00 2.38180920
1.320000000000000 1.388020928916700 0.000000000000000E+00 2.39824052
1.340000000000000 1.386243088316210 0.000000000000000E+00 2.41494402
1.360000000000000 1.384451235778800 0.000000000000000E+00 2.43192692
1.380000000000000 1.382645487887870 0.000000000000000E+00 2.44919667
1.400000000000000 1.380825971264670 0.000000000000000E+00 2.46676094
1.420000000000000 1.378992821869760 0.000000000000000E+00 2.48462763
1.440000000000000 1.377146184382340 0.000000000000000E+00 2.50280486
1.460000000000000 1.375286211648880 0.000000000000000E+00 2.52130101
1.480000000000000 1.373413064193320 0.000000000000000E+00 2.54012470
1.500000000000000 1.371526909782090 0.000000000000000E+00 2.55928482
1.520000000000000 1.369627923038070 0.000000000000000E+00 2.57879053
1.540000000000000 1.367716285098150 0.000000000000000E+00 2.59865127
1.560000000000000 1.365792183309750 0.000000000000000E+00 2.61887679
1.580000000000000 1.363855810962220 0.000000000000000E+00 2.63947710
1.600000000000000 1.361907367049340 0.000000000000000E+00 2.66046257
1.620000000000000 1.359947056059710 0.000000000000000E+00 2.68184385
1.640000000000000 1.357975087792010 0.000000000000000E+00 2.70363196
1.660000000000000 1.355991677192620 2.434693885302460E-13 2.72583824
1.680000000000000 1.353997044213050 3.852543013337790E-13 2.74847442
1.700000000000000 1.351991413685200 6.014078124394470E-13 2.77155257
1.720000000000000 1.349975015212380 9.263145805959990E-13 2.79508516
1.740000000000000 1.347948083074460 1.410705753601690E-12 2.81908505
1.760000000000000 1.345910856145430 2.125300098670260E-12 2.84356554
1.780000000000000 1.343863577822040 3.170237302061860E-12 2.86854032
1.800000000000000 1.341806495962010 4.685279941796240E-12 2.89402354
1.820000000000000 1.339739862830800 6.864852436505590E-12 2.92002981
1.840000000000000 1.337663935055580 9.977380792218490E-12 2.94657421
1.860000000000000 1.335578973585550 1.439026675598140E-11 2.97367230
1.880000000000000 1.333485243657440 2.060229764566660E-11 3.00134016
1.900000000000000 1.331383014765530 2.929131937001730E-11 3.02959439
1.920000000000000 1.329272560635050 4.136804440668660E-11 3.05845212
1.940000000000000 1.327154159198440 5.805073088893660E-11 3.08793105
1.960000000000000 1.325028092573440 8.096168180316000E-11 3.11804947
1.980000000000000 1.322894647042640 1.122466564140720E-10 3.14882626
2.000000000000000 1.320754113033450 1.547326711204280E-10 3.18028090
