0.200000000000000 1.550356830368970 0.000000000000000E+00    18.79078944
0.220000000000000 1.528270216869840 0.000000000000000E+00    18.82239855
0.240000000000000 1.513108916576570 0.000000000000000E+00    18.85308391
0.260000000000000 1.502130188906100 0.000000000000000E+00    18.88315914
0.280000000000000 1.493863111935310 0.000000000000000E+00    18.91281238
0.300000000000000 1.487447002551060 0.000000000000000E+00    18.94216509
0.320000000000000 1.482345035863210 0.000000000000000E+00    18.97130005
0.340000000000000 1.478205558330590 0.000000000000000E+00    19.00027604
0.360000000000000 1.474789061381590 0.000000000000000E+00    19.02913624
0.380000000000000 1.471927144555050 0.000000000000000E+00    19.05791322
0.400000000000000 1.469498220881270 0.000000000000000E+00    19.08663210
0.420000000000000 1.467412504912470 0.000000000000000E+00    19.11531266
0.440000000000000 1.465602398102170 0.000000000000000E+00    19.14397073
0.460000000000000 1.464016140293480 0.000000000000000E+00    19.17261918
0.480000000000000 1.462613506098840 0.000000000000000E+00    19.20126858
0.500000000000000 1.461362819799010 0.000000000000000E+00    19.22992778
0.520000000000000 1.460238842537220 0.000000000000000E+00    19.25860423
0.540000000000000 1.459221249825280 0.000000000000000E+00    19.28730426
0.560000000000000 1.458293516665330 0.000000000000000E+00    19.31603337
0.580000000000000 1.457442089258000 0.000000000000000E+00    19.34479631
0.600000000000000 1.456655761508380 0.000000000000000E+00    19.37359727
0.620000000000000 1.455925200056040 0.000000000000000E+00    19.40243994
0.640000000000000 1.455242578474820 0.000000000000000E+00    19.43132767
0.660000000000000 1.454601292709060 0.000000000000000E+00    19.46026343
0.680000000000000 1.453995737645300 0.000000000000000E+00    19.48924997
0.700000000000000 1.453421130177970 0.000000000000000E+00    19.51828979
0.720000000000000 1.452873367972950 0.000000000000000E+00    19.54738522
0.740000000000000 1.452348915889650 0.000000000000000E+00    19.57653842
0.760000000000000 1.451844714010840 0.000000000000000E+00    19.60575144
0.780000000000000 1.451358102686020 0.000000000000000E+00    19.63502621
0.800000000000000 1.450886761068620 0.000000000000000E+00    19.66436458
0.820000000000001 1.450428656429430 0.000000000000000E+00    19.69376831
0.840000000000001 1.449982002130970 0.000000000000000E+00    19.72323912
0.860000000000001 1.449545222606160 0.000000000000000E+00    19.75277867
0.880000000000001 1.449116924032790 0.000000000000000E+00    19.78238858
0.900000000000001 1.448695869665820 0.000000000000000E+00    19.81207042
0.920000000000001 1.448280958998010 0.000000000000000E+00    19.84182576
0.940000000000000 1.447871210082300 0.000000000000000E+00    19.87165614
0.960000000000001 1.447465744477770 0.000000000000000E+00    19.90156308
0.980000000000001 1.447063774382310 0.000000000000000E+00    19.93154807
1.000000000000000 1.446664591594750 0.000000000000000E+00    19.96161263
1.020000000000000 1.446267558014960 0.000000000000000E+00    19.99175825
1.040000000000000 1.445872097440850 0.000000000000000E+00    20.02198642
1.060000000000000 1.445477688462690 0.000000000000000E+00    20.05229862
1.080000000000000 1.445083858291700 0.000000000000000E+00    20.08269636
1.100000000000000 1.444690177381550 0.000000000000000E+00    20.11318111
1.120000000000000 1.444296254731670 0.000000000000000E+00    20.14375439
1.140000000000000 1.443901733771820 0.000000000000000E+00    20.17441769
1.160000000000000 1.443506288750140 0.000000000000000E+00    20.20517253
1.180000000000000 1.443109621552690 0.000000000000000E+00    20.23602041
1.200000000000000 1.442711458897850 0.000000000000000E+00    20.26696287
1.220000000000000 1.442311549855490 0.000000000000000E+00    20.29800143
1.240000000000000 1.441909663648380 0.000000000000000E+00    20.32913765
1.260000000000000 1.441505587700010 0.000000000000000E+00    20.36037307
1.280000000000000 1.441099125897070 0.000000000000000E+00    20.39170925
1.300000000000000 1.440690097040920 0.000000000000000E+00    20.42314778
1.320000000000000 1.440278333463550 0.000000000000000E+00    20.45469023
1.340000000000000 1.439863679790070 0.000000000000000E+00    20.48633821
1.360000000000000 1.439445991828140 0.000000000000000E+00    20.51809332
1.380000000000000 1.439025135571550 0.000000000000000E+00    20.54995718
1.400000000000000 1.438600986303170 0.000000000000000E+00    20.58193143
1.420000000000000 1.438173427787730 0.000000000000000E+00    20.61401771
1.440000000000000 1.437742351542170 0.000000000000000E+00    20.64621769
1.460000000000000 1.437307656177050 0.000000000000000E+00    20.67853304
1.480000000000000 1.436869246800210 0.000000000000000E+00    20.71096545
1.500000000000000 1.436427034475970 0.000000000000000E+00    20.74351662
1.520000000000000 1.435980935734850 0.000000000000000E+00    20.77618827
1.540000000000000 1.435530872127170 0.000000000000000E+00    20.80898213
1.560000000000000 1.435076769817310 0.000000000000000E+00    20.84189995
1.580000000000000 1.434618559213690 0.000000000000000E+00    20.87494349
1.600000000000000 1.434156174631270 0.000000000000000E+00    20.90811453
1.620000000000000 1.433689553982870 0.000000000000000E+00    20.94141487
1.640000000000000 1.433218638497270 0.000000000000000E+00    20.97484632
1.660000000000000 1.432743372460750 0.000000000000000E+00    21.00841071
1.680000000000000 1.432263702979910 0.000000000000000E+00    21.04210988
1.700000000000000 1.431779579764440 0.000000000000000E+00    21.07594570
1.720000000000000 1.431290954927030 0.000000000000000E+00    21.10992005
1.740000000000000 1.430797782799590 0.000000000000000E+00    21.14403484
1.760000000000000 1.430300019763740 0.000000000000000E+00    21.17829199
1.780000000000000 1.429797624094760 0.000000000000000E+00    21.21269343
1.800000000000000 1.429290555817340 0.000000000000000E+00    21.24724112
1.820000000000000 1.428778776572510 0.000000000000000E+00    21.28193705
1.840000000000000 1.428262249494370 0.000000000000000E+00    21.31678322
1.860000000000000 1.427740939096150 0.000000000000000E+00    21.35178165
1.880000000000000 1.427214811164520 0.000000000000000E+00    21.38693438
1.900000000000000 1.426683832661510 0.000000000000000E+00    21.42224349
1.920000000000000 1.426147971633590 0.000000000000000E+00    21.45771106
1.940000000000000 1.425607197127010 0.000000000000000E+00    21.49333921
1.960000000000000 1.425061479109130 0.000000000000000E+00    21.52913007
1.980000000000000 1.424510788395120 0.000000000000000E+00    21.56508582
2.000000000000000 1.423955096579680 0.000000000000000E+00    21.60120863
