0.200000000000000 1.550300149296890 0.000000000000000E+00    13.60572301
0.220000000000000 1.528200830098750 0.000000000000000E+00    13.63268517
0.240000000000000 1.513025731939190 0.000000000000000E+00    13.65887063
0.260000000000000 1.502032101088580 0.000000000000000E+00    13.68454599
0.280000000000000 1.493749012121510 0.000000000000000E+00    13.70987118
0.300000000000000 1.487315783040330 0.000000000000000E+00    13.73494942
0.320000000000000 1.482195592494620 0.000000000000000E+00    13.75985108
0.340000000000000 1.478036791841810 0.000000000000000E+00    13.78462614
0.360000000000000 1.474599878207050 0.000000000000000E+00    13.80931131
0.380000000000000 1.471716457309640 0.000000000000000E+00    13.83393428
0.400000000000000 1.469264948658450 0.000000000000000E+00    13.85851646
0.420000000000000 1.467155573468340 0.000000000000000E+00    13.88307467
0.440000000000000 1.465320739966890 0.000000000000000E+00    13.90762244
0.460000000000000 1.463708694835220 0.000000000000000E+00    13.93217074
0.480000000000000 1.462279219555750 0.000000000000000E+00    13.95672864
0.500000000000000 1.461000645289370 0.000000000000000E+00    13.98130373
0.520000000000000 1.459847740054390 0.000000000000000E+00    14.00590245
0.540000000000000 1.458800186222000 0.000000000000000E+00    14.03053030
0.560000000000000 1.457841465630340 0.000000000000000E+00    14.05519207
0.580000000000000 1.456958031287260 0.000000000000000E+00    14.07989195
0.600000000000000 1.456138683872320 0.000000000000000E+00    14.10463365
0.620000000000000 1.455374096764060 0.000000000000000E+00    14.12942052
0.640000000000000 1.454656450237880 0.000000000000000E+00    14.15425558
0.660000000000000 1.453979146900460 0.000000000000000E+00    14.17914158
0.680000000000000 1.453336588261450 0.000000000000000E+00    14.20408107
0.700000000000000 1.452723997797480 0.000000000000000E+00    14.22907644
0.720000000000000 1.452137279716340 0.000000000000000E+00    14.25412992
0.740000000000000 1.451572905378420 0.000000000000000E+00    14.27924362
0.760000000000000 1.451027821326320 0.000000000000000E+00    14.30441957
0.780000000000000 1.450499374329150 0.000000000000000E+00    14.32965970
0.800000000000000 1.449985249919430 0.000000000000000E+00    14.35496589
0.820000000000001 1.449483421706950 0.000000000000000E+00    14.38033996
0.840000000000001 1.448992109353600 0.000000000000000E+00    14.40578370
0.860000000000001 1.448509743552480 0.000000000000000E+00    14.43129883
0.880000000000001 1.448034936702420 0.000000000000000E+00    14.45688709
0.900000000000001 1.447566458241670 0.000000000000000E+00    14.48255015
0.920000000000001 1.447103213808140 0.000000000000000E+00    14.50828970
0.940000000000000 1.446644227562860 0.000000000000000E+00    14.53410739
0.960000000000001 1.446188627136350 0.000000000000000E+00    14.56000488
0.980000000000001 1.445735630761770 0.000000000000000E+00    14.58598381
1.000000000000000 1.445284536237690 0.000000000000000E+00    14.61204581
1.020000000000000 1.444834711428960 0.000000000000000E+00    14.63819253
1.040000000000000 1.444385586063980 0.000000000000000E+00    14.66442561
1.060000000000000 1.443936644630050 0.000000000000000E+00    14.69074667
1.080000000000000 1.443487420202400 0.000000000000000E+00    14.71715736
1.100000000000000 1.443037489065720 0.000000000000000E+00    14.74365931
1.120000000000000 1.442586466018880 0.000000000000000E+00    14.77025419
1.140000000000000 1.442134000260130 0.000000000000000E+00    14.79694363
1.160000000000000 1.441679771775230 0.000000000000000E+00    14.82372930
1.180000000000000 1.441223488157990 0.000000000000000E+00    14.85061286
1.200000000000000 1.440764881805110 0.000000000000000E+00    14.87759599
1.220000000000000 1.440303707436240 0.000000000000000E+00    14.90468036
1.240000000000000 1.439839739895840 0.000000000000000E+00    14.93186766
1.260000000000000 1.439372772201500 0.000000000000000E+00    14.95915960
1.280000000000000 1.438902613807800 0.000000000000000E+00    14.98655788
1.300000000000000 1.438429089057150 0.000000000000000E+00    15.01406421
1.320000000000000 1.437952035797770 0.000000000000000E+00    15.04168033
1.340000000000000 1.437471304145800 0.000000000000000E+00    15.06940798
1.360000000000000 1.436986755376020 0.000000000000000E+00    15.09724891
1.380000000000000 1.436498260925740 0.000000000000000E+00    15.12520488
1.400000000000000 1.436005701498860 0.000000000000000E+00    15.15327767
1.420000000000000 1.435508966258520 0.000000000000000E+00    15.18146906
1.440000000000000 1.435007952099020 0.000000000000000E+00    15.20978086
1.460000000000000 1.434502562987350 0.000000000000000E+00    15.23821488
1.480000000000000 1.433992709367700 0.000000000000000E+00    15.26677295
1.500000000000000 1.433478307621480 0.000000000000000E+00    15.29545692
1.520000000000000 1.432959279577340 0.000000000000000E+00    15.32426865
1.540000000000000 1.432435552065940 0.000000000000000E+00    15.35321002
1.560000000000000 1.431907056514630 0.000000000000000E+00    15.38228290
1.580000000000000 1.431373728578200 0.000000000000000E+00    15.41148922
1.600000000000000 1.430835507802080 0.000000000000000E+00    15.44083090
1.620000000000000 1.430292337314520 0.000000000000000E+00    15.47030989
1.640000000000000 1.429744163545160 0.000000000000000E+00    15.49992813
1.660000000000000 1.429190935967460 0.000000000000000E+00    15.52968762
1.680000000000000 1.428632606862310 0.000000000000000E+00    15.55959035
1.700000000000000 1.428069131101420 0.000000000000000E+00    15.58963835
1.720000000000000 1.427500465948070 0.000000000000000E+00    15.61983365
1.740000000000000 1.426926570874000 0.000000000000000E+00    15.65017831
1.760000000000000 1.426347407390790 0.000000000000000E+00    15.68067442
1.780000000000000 1.425762938894460 0.000000000000000E+00    15.71132409
1.800000000000000 1.425173130522110 0.000000000000000E+00    15.74212944
1.820000000000000 1.424577949019510 0.000000000000000E+00    15.77309261
1.840000000000000 1.423977362618790 0.000000000000000E+00    15.80421580
1.860000000000000 1.423371340925180 0.000000000000000E+00    15.83550120
1.880000000000000 1.422759854812130 0.000000000000000E+00    15.86695103
1.900000000000000 1.422142876324210 0.000000000000000E+00    15.89856755
1.920000000000000 1.421520378586800 0.000000000000000E+00    15.93035304
1.940000000000000 1.420892335722460 0.000000000000000E+00    15.96230981
1.960000000000000 1.420258722773010 0.000000000000000E+00    15.99444018
1.980000000000000 1.419619515627140 0.000000000000000E+00    16.02674653
2.000000000000000 1.418974690952960 0.000000000000000E+00    16.05923124
