0.200000000000000 1.550315256680730 0.000000000000000E+00    14.68575809
0.220000000000000 1.528219321097230 0.000000000000000E+00    14.71374692
0.240000000000000 1.513047896626360 0.000000000000000E+00    14.74092644
0.260000000000000 1.502058232927160 0.000000000000000E+00    14.76757370
0.280000000000000 1.493779405393350 0.000000000000000E+00    14.79385488
0.300000000000000 1.487350731617070 0.000000000000000E+00    14.81987730
0.320000000000000 1.482235389192910 0.000000000000000E+00    14.84571406
0.340000000000000 1.478081728062680 0.000000000000000E+00    14.87141710
0.360000000000000 1.474650243724620 0.000000000000000E+00    14.89702458
0.380000000000000 1.471772540143680 0.000000000000000E+00    14.92256527
0.400000000000000 1.469327034996400 0.000000000000000E+00    14.94806139
0.420000000000000 1.467223947617650 0.000000000000000E+00    14.97353043
0.440000000000000 1.465395684326700 0.000000000000000E+00    14.99898642
0.460000000000000 1.463790489880750 0.000000000000000E+00    15.02444075
0.480000000000000 1.462368143831060 0.000000000000000E+00    15.04990281
0.500000000000000 1.461096975406040 0.000000000000000E+00    15.07538048
0.520000000000000 1.459951750694110 0.000000000000000E+00    15.10088039
0.540000000000000 1.458912150142090 0.000000000000000E+00    15.12640824
0.560000000000000 1.457961653671230 0.000000000000000E+00    15.15196895
0.580000000000000 1.457086712381240 0.000000000000000E+00    15.17756683
0.600000000000000 1.456276125053750 0.000000000000000E+00    15.20320568
0.620000000000000 1.455520563179790 0.000000000000000E+00    15.22888891
0.640000000000000 1.454812205158530 0.000000000000000E+00    15.25461960
0.660000000000000 1.454144451731880 0.000000000000000E+00    15.28040053
0.680000000000000 1.453511702556340 0.000000000000000E+00    15.30623430
0.700000000000000 1.452909179267570 0.000000000000000E+00    15.33212328
0.720000000000000 1.452332784243870 0.000000000000000E+00    15.35806973
0.740000000000000 1.451778987028200 0.000000000000000E+00    15.38407575
0.760000000000000 1.451244732358020 0.000000000000000E+00    15.41014335
0.780000000000000 1.450727365208860 0.000000000000000E+00    15.43627445
0.800000000000000 1.450224569331260 0.000000000000000E+00    15.46247092
0.820000000000001 1.449734316564890 0.000000000000000E+00    15.48873455
0.840000000000001 1.449254824812970 0.000000000000000E+00    15.51506708
0.860000000000001 1.448784523021320 0.000000000000000E+00    15.54147023
0.880000000000001 1.448322021852990 0.000000000000000E+00    15.56794568
0.900000000000001 1.447866089021040 0.000000000000000E+00    15.59449508
0.920000000000001 1.447415628449610 0.000000000000000E+00    15.62112007
0.940000000000000 1.446969662596270 0.000000000000000E+00    15.64782228
0.960000000000001 1.446527317399410 0.000000000000000E+00    15.67460331
0.980000000000001 1.446087809409550 0.000000000000000E+00    15.70146477
1.000000000000000 1.445650434753570 0.000000000000000E+00    15.72840825
1.020000000000000 1.445214559634450 0.000000000000000E+00    15.75543535
1.040000000000000 1.444779612128610 0.000000000000000E+00    15.78254767
1.060000000000000 1.444345075081320 0.000000000000000E+00    15.80974680
1.080000000000000 1.443910479934600 0.000000000000000E+00    15.83703434
1.100000000000000 1.443475401350190 0.000000000000000E+00    15.86441188
1.120000000000000 1.443039452512810 0.000000000000000E+00    15.89188105
1.140000000000000 1.442602281015290 0.000000000000000E+00    15.91944343
1.160000000000000 1.442163565247200 0.000000000000000E+00    15.94710066
1.180000000000000 1.441723011213910 0.000000000000000E+00    15.97485436
1.200000000000000 1.441280349733310 0.000000000000000E+00    16.00270616
1.220000000000000 1.440835333953600 0.000000000000000E+00    16.03065770
1.240000000000000 1.440387737155920 0.000000000000000E+00    16.05871064
1.260000000000000 1.439937350802730 0.000000000000000E+00    16.08686662
1.280000000000000 1.439483982800480 0.000000000000000E+00    16.11512733
1.300000000000000 1.439027455951580 0.000000000000000E+00    16.14349443
1.320000000000000 1.438567606571090 0.000000000000000E+00    16.17196962
1.340000000000000 1.438104283249140 0.000000000000000E+00    16.20055460
1.360000000000000 1.437637345741320 0.000000000000000E+00    16.22925109
1.380000000000000 1.437166663972430 0.000000000000000E+00    16.25806080
1.400000000000000 1.436692117140280 0.000000000000000E+00    16.28698548
1.420000000000000 1.436213592908220 0.000000000000000E+00    16.31602687
1.440000000000000 1.435730986676820 0.000000000000000E+00    16.34518675
1.460000000000000 1.435244200924980 0.000000000000000E+00    16.37446688
1.480000000000000 1.434753144614740 0.000000000000000E+00    16.40386906
1.500000000000000 1.434257732650580 0.000000000000000E+00    16.43339509
1.520000000000000 1.433757885389520 0.000000000000000E+00    16.46304680
1.540000000000000 1.433253528195590 0.000000000000000E+00    16.49282601
1.560000000000000 1.432744591034340 0.000000000000000E+00    16.52273459
1.580000000000000 1.432231008103310 0.000000000000000E+00    16.55277439
1.600000000000000 1.431712717495010 0.000000000000000E+00    16.58294731
1.620000000000000 1.431189660889060 0.000000000000000E+00    16.61325525
1.640000000000000 1.430661783270320 0.000000000000000E+00    16.64370012
1.660000000000000 1.430129032671200 0.000000000000000E+00    16.67428387
1.680000000000000 1.429591359935080 0.000000000000000E+00    16.70500845
1.700000000000000 1.429048718499400 0.000000000000000E+00    16.73587583
1.720000000000000 1.428501064196230 0.000000000000000E+00    16.76688801
1.740000000000000 1.427948355068950 0.000000000000000E+00    16.79804701
1.760000000000000 1.427390551203350 0.000000000000000E+00    16.82935486
1.780000000000000 1.426827614572030 0.000000000000000E+00    16.86081362
1.800000000000000 1.426259508890810 0.000000000000000E+00    16.89242538
1.820000000000000 1.425686199486060 0.000000000000000E+00    16.92419223
1.840000000000000 1.425107653172180 0.000000000000000E+00    16.95611630
1.860000000000000 1.424523838138060 0.000000000000000E+00    16.98819973
1.880000000000000 1.423934723842030 0.000000000000000E+00    17.02044471
1.900000000000000 1.423340280914380 0.000000000000000E+00    17.05285343
1.920000000000000 1.422740481066990 0.000000000000000E+00    17.08542811
1.940000000000000 1.422135297009260 0.000000000000000E+00    17.11817101
1.960000000000000 1.421524702370060 0.000000000000000E+00    17.15108441
1.980000000000000 1.420908671625020 0.000000000000000E+00    17.18417060
2.000000000000000 1.420287180028870 0.000000000000000E+00    17.21743193
