0.200000000000000 1.548481250488930 0.000000000000000E+00 1.38238126
0.220000000000000 1.525982625599050 0.000000000000000E+00 1.39126100
0.240000000000000 1.510376110863620 0.000000000000000E+00 1.39993703
0.260000000000000 1.498918840737320 0.000000000000000E+00 1.40849519
0.280000000000000 1.490140081143600 0.000000000000000E+00 1.41698791
0.300000000000000 1.483179482515230 0.000000000000000E+00 1.42544995
0.320000000000000 1.477500626474500 0.000000000000000E+00 1.43390594
0.340000000000000 1.472752303781840 0.000000000000000E+00 1.44237422
0.360000000000000 1.468695469550570 0.000000000000000E+00 1.45086911
0.380000000000000 1.465162196169120 0.000000000000000E+00 1.45940220
0.400000000000000 1.462031372744340 0.000000000000000E+00 1.46798319
0.420000000000000 1.459213689564140 0.000000000000000E+00 1.47662039
0.440000000000000 1.456642021284540 0.000000000000000E+00 1.48532112
0.460000000000000 1.454265077055720 0.000000000000000E+00 1.49409195
0.480000000000000 1.452043096057530 0.000000000000000E+00 1.50293889
0.500000000000000 1.449944861887550 0.000000000000000E+00 1.51186752
0.520000000000000 1.447945589464450 0.000000000000000E+00 1.52088305
0.540000000000000 1.446025402391540 0.000000000000000E+00 1.52999048
0.560000000000000 1.444168218038010 0.000000000000000E+00 1.53919457
0.580000000000000 1.442360919278500 0.000000000000000E+00 1.54849995
0.600000000000000 1.440592731081240 0.000000000000000E+00 1.55791114
0.620000000000000 1.438854745657120 0.000000000000000E+00 1.56743256
0.640000000000000 1.437139556805470 0.000000000000000E+00 1.57706860
0.660000000000000 1.435440975515510 0.000000000000000E+00 1.58682360
0.680000000000000 1.433753806719080 0.000000000000000E+00 1.59670190
0.700000000000000 1.432073672546740 0.000000000000000E+00 1.60670784
0.720000000000000 1.430396871290890 0.000000000000000E+00 1.61684577
0.740000000000000 1.428720264032890 0.000000000000000E+00 1.62712010
0.760000000000000 1.427041182882440 0.000000000000000E+00 1.63753526
0.780000000000000 1.425357356233450 0.000000000000000E+00 1.64809575
0.800000000000000 1.423666847515910 0.000000000000000E+00 1.65880613
0.820000000000000 1.421968004725150 0.000000000000000E+00 1.66967105
0.840000000000000 1.420259418613100 0.000000000000000E+00 1.68069524
0.860000000000000 1.418539887883500 0.000000000000000E+00 1.69188352
0.880000000000000 1.416808390083090 0.000000000000000E+00 1.70324082
0.900000000000000 1.415064057149940 0.000000000000000E+00 1.71477219
0.920000000000000 1.413306154789240 0.000000000000000E+00 1.72648277
0.940000000000000 1.411534065009870 0.000000000000000E+00 1.73837788
0.960000000000001 1.409747271283290 0.000000000000000E+00 1.75046292
0.980000000000001 1.407945345887510 0.000000000000000E+00 1.76274348
1.000000000000000 1.406127939079490 0.000000000000000E+00 1.77522527
1.020000000000000 1.404294769803460 0.000000000000000E+00 1.78791417
1.040000000000000 1.402445617694560 0.000000000000000E+00 1.80081624
1.060000000000000 1.400580316178580 0.000000000000000E+00 1.81393770
1.080000000000000 1.398698746502630 0.000000000000000E+00 1.82728495
1.100000000000000 1.396800832559010 0.000000000000000E+00 1.84086459
1.120000000000000 1.394886536387010 0.000000000000000E+00 1.85468343
1.140000000000000 1.392955854255860 0.000000000000000E+00 1.86874846
1.160000000000000 1.391008813247490 0.000000000000000E+00 1.88306693
1.180000000000000 1.389045468270090 0.000000000000000E+00 1.89764627
1.200000000000000 1.387065899444020 0.000000000000000E+00 1.91249418
1.220000000000000 1.385070209810580 0.000000000000000E+00 1.92761859
1.240000000000000 1.383058523321130 0.000000000000000E+00 1.94302769
1.260000000000000 1.381030983070180 0.000000000000000E+00 1.95872993
1.280000000000000 1.378987749741690 0.000000000000000E+00 1.97473404
1.300000000000000 1.376929000241390 0.000000000000000E+00 1.99104905
1.320000000000000 1.374854926492280 0.000000000000000E+00 2.00768426
1.340000000000000 1.372765734373330 0.000000000000000E+00 2.02464932
1.360000000000000 1.370661642783830 0.000000000000000E+00 2.04195417
1.380000000000000 1.368542882818560 0.000000000000000E+00 2.05960909
1.400000000000000 1.366409697040450 0.000000000000000E+00 2.07762472
1.420000000000000 1.364262338839310 0.000000000000000E+00 2.09601206
1.440000000000000 1.362101071866480 0.000000000000000E+00 2.11478248
1.460000000000000 1.359926169536610 0.000000000000000E+00 2.13394774
1.480000000000000 1.357737914588660 2.436808909631090E-13 2.15352002
1.500000000000000 1.355536598699230 4.071812331751800E-13 2.17351190
1.520000000000000 1.353322522142050 6.673550601021820E-13 2.19393642
1.540000000000000 1.351095993488230 1.076916333886400E-12 2.21480706
1.560000000000000 1.348857329342290 1.713330595020520E-12 2.23613777
1.580000000000000 1.346606854109660 2.690970710150790E-12 2.25794301
1.600000000000000 1.344344899791690 4.176464729610530E-12 2.28023771
1.620000000000000 1.342071805804610 6.409976716081900E-12 2.30303737
1.640000000000000 1.339787918819250 9.737051442915150E-12 2.32635801
1.660000000000000 1.337493592618550 1.464794951999690E-11 2.35021622
1.680000000000000 1.335189187970270 2.183435897362700E-11 2.37462920
1.700000000000000 1.332875072512400 3.226408029632920E-11 2.39961472
1.720000000000000 1.330551620648950 4.728288593991440E-11 2.42519122
1.740000000000000 1.328219213454310 6.874539826284830E-11 2.45137777
1.760000000000000 1.325878238583910 9.919506882560820E-11 2.47819415
1.780000000000000 1.323529090189690 1.420920048289530E-10 2.50566081
1.800000000000000 1.321172168838570 2.021173367561250E-10 2.53379894
1.820000000000000 1.318807881432420 2.855628511433400E-10 2.56263050
1.840000000000000 1.316436641128050 4.008331999649780E-10 2.59217822
1.860000000000000 1.314058867255890 5.590909692675120E-10 2.62246563
1.880000000000000 1.311674985236060 7.750785568916290E-10 2.65351713
1.900000000000000 1.309285426490590 1.068153454575340E-09 2.68535796
1.920000000000000 1.306890628350700 1.463599685891380E-09 2.71801427
1.940000000000000 1.304491033958030 1.994265030891290E-09 2.75151314
1.960000000000000 1.302087092158750 2.702602808213330E-09 2.78588261
1.980000000000000 1.299679257389740 3.643204252168350E-09 2.82115172
2.000000000000000 1.297267989555710 4.885923499120540E-09 2.85735055
