0.200000000000000 1.550334973922800 0.000000000000000E+00    16.38318439
0.220000000000000 1.528243457505730 0.000000000000000E+00    16.41272660
0.240000000000000 1.513076831884610 0.000000000000000E+00    16.44141046
0.260000000000000 1.502092351264360 0.000000000000000E+00    16.46952869
0.280000000000000 1.493819092229890 0.000000000000000E+00    16.49725688
0.300000000000000 1.487396371958400 0.000000000000000E+00    16.52470839
0.320000000000000 1.482287366786650 0.000000000000000E+00    16.55196047
0.340000000000000 1.478140424926160 0.000000000000000E+00    16.57906800
0.360000000000000 1.474716039867580 0.000000000000000E+00    16.60607127
0.380000000000000 1.471845813400330 0.000000000000000E+00    16.63300068
0.400000000000000 1.469408160921970 0.000000000000000E+00    16.65987969
0.420000000000000 1.467313299424740 0.000000000000000E+00    16.68672678
0.440000000000000 1.465493632846790 0.000000000000000E+00    16.71355674
0.460000000000000 1.463897403542250 0.000000000000000E+00    16.74038159
0.480000000000000 1.462484388648480 0.000000000000000E+00    16.76721123
0.500000000000000 1.461222914976740 0.000000000000000E+00    16.79405393
0.520000000000000 1.460087746200340 0.000000000000000E+00    16.82091669
0.540000000000000 1.459058560356750 0.000000000000000E+00    16.84780546
0.560000000000000 1.458118834966210 0.000000000000000E+00    16.87472541
0.580000000000000 1.457255018737850 0.000000000000000E+00    16.90168103
0.600000000000000 1.456455908074130 0.000000000000000E+00    16.92867629
0.620000000000000 1.455712172099740 0.000000000000000E+00    16.95571470
0.640000000000000 1.455015986860660 0.000000000000000E+00    16.98279945
0.660000000000000 1.454360750759460 0.000000000000000E+00    17.00993340
0.680000000000000 1.453740861127380 0.000000000000000E+00    17.03711921
0.700000000000000 1.453151537289030 0.000000000000000E+00    17.06435929
0.720000000000000 1.452588679326160 0.000000000000000E+00    17.09165591
0.740000000000000 1.452048754499670 0.000000000000000E+00    17.11901122
0.760000000000000 1.451528705278950 0.000000000000000E+00    17.14642722
0.780000000000000 1.451025874386330 0.000000000000000E+00    17.17390583
0.800000000000000 1.450537943333270 0.000000000000000E+00    17.20144890
0.820000000000001 1.450062881734370 0.000000000000000E+00    17.22905822
0.840000000000001 1.449598905281960 0.000000000000000E+00    17.25673549
0.860000000000001 1.449144440724690 0.000000000000000E+00    17.28448241
0.880000000000001 1.448698096542200 0.000000000000000E+00    17.31230063
0.900000000000001 1.448258638277670 0.000000000000000E+00    17.34019176
0.920000000000001 1.447824967698570 0.000000000000000E+00    17.36815740
0.940000000000000 1.447396105119280 0.000000000000000E+00    17.39619914
0.960000000000001 1.446971174347210 0.000000000000000E+00    17.42431854
0.980000000000001 1.446549389815600 0.000000000000000E+00    17.45251716
1.000000000000000 1.446130045545740 0.000000000000000E+00    17.48079655
1.020000000000000 1.445712505648030 0.000000000000000E+00    17.50915826
1.040000000000000 1.445296196117760 0.000000000000000E+00    17.53760384
1.060000000000000 1.444880597731350 0.000000000000000E+00    17.56613483
1.080000000000000 1.444465239873600 0.000000000000000E+00    17.59475278
1.100000000000000 1.444049695160420 0.000000000000000E+00    17.62345924
1.120000000000000 1.443633574741780 0.000000000000000E+00    17.65225577
1.140000000000000 1.443216524187150 0.000000000000000E+00    17.68114394
1.160000000000000 1.442798219872820 0.000000000000000E+00    17.71012530
1.180000000000000 1.442378365803150 0.000000000000000E+00    17.73920144
1.200000000000000 1.441956690802940 0.000000000000000E+00    17.76837394
1.220000000000000 1.441532946039210 0.000000000000000E+00    17.79764438
1.240000000000000 1.441106902820590 0.000000000000000E+00    17.82701438
1.260000000000000 1.440678350647900 0.000000000000000E+00    17.85648555
1.280000000000000 1.440247095474620 0.000000000000000E+00    17.88605949
1.300000000000000 1.439812958159430 0.000000000000000E+00    17.91573785
1.320000000000000 1.439375773083010 0.000000000000000E+00    17.94552227
1.340000000000000 1.438935386909280 0.000000000000000E+00    17.97541440
1.360000000000000 1.438491657476430 0.000000000000000E+00    18.00541591
1.380000000000000 1.438044452800320 0.000000000000000E+00    18.03552846
1.400000000000000 1.437593650177510 0.000000000000000E+00    18.06575377
1.420000000000000 1.437139135377990 0.000000000000000E+00    18.09609352
1.440000000000000 1.436680801916370 0.000000000000000E+00    18.12654943
1.460000000000000 1.436218550393350 0.000000000000000E+00    18.15712323
1.480000000000000 1.435752287899340 0.000000000000000E+00    18.18781667
1.500000000000000 1.435281927474290 0.000000000000000E+00    18.21863150
1.520000000000000 1.434807387617220 0.000000000000000E+00    18.24956949
1.540000000000000 1.434328591840360 0.000000000000000E+00    18.28063243
1.560000000000000 1.433845468263680 0.000000000000000E+00    18.31182213
1.580000000000000 1.433357949244940 0.000000000000000E+00    18.34314040
1.600000000000000 1.432865971042450 0.000000000000000E+00    18.37458908
1.620000000000000 1.432369473506830 0.000000000000000E+00    18.40617002
1.640000000000000 1.431868399799220 0.000000000000000E+00    18.43788508
1.660000000000000 1.431362696132920 0.000000000000000E+00    18.46973616
1.680000000000000 1.430852311536780 0.000000000000000E+00    18.50172515
1.700000000000000 1.430337197638060 0.000000000000000E+00    18.53385397
1.720000000000000 1.429817308462620 0.000000000000000E+00    18.56612458
1.740000000000000 1.429292600251340 0.000000000000000E+00    18.59853893
1.760000000000000 1.428763031291010 0.000000000000000E+00    18.63109899
1.780000000000000 1.428228561758440 0.000000000000000E+00    18.66380677
1.800000000000000 1.427689153576530 0.000000000000000E+00    18.69666430
1.820000000000000 1.427144770281420 0.000000000000000E+00    18.72967360
1.840000000000000 1.426595376899600 0.000000000000000E+00    18.76283676
1.860000000000000 1.426040939834130 0.000000000000000E+00    18.79615585
1.880000000000000 1.425481426759280 0.000000000000000E+00    18.82963298
1.900000000000000 1.424916806522820 0.000000000000000E+00    18.86327030
1.920000000000000 1.424347049055220 0.000000000000000E+00    18.89706995
1.940000000000000 1.423772125285430 0.000000000000000E+00    18.93103412
1.960000000000000 1.423192007062430 0.000000000000000E+00    18.96516502
1.980000000000000 1.422606667082270 0.000000000000000E+00    18.99946489
2.000000000000000 1.422016078820050 0.000000000000000E+00    19.03393597
