0.200000000000000 1.549781801666920 0.000000000000000E+00 3.86269455
0.220000000000000 1.527567300793870 0.000000000000000E+00 3.87725127
0.240000000000000 1.512267390472470 0.000000000000000E+00 3.89142281
0.260000000000000 1.501139235922960 0.000000000000000E+00 3.90535078
0.280000000000000 1.492711918328500 0.000000000000000E+00 3.91912026
0.300000000000000 1.486124803883370 0.000000000000000E+00 3.93278629
0.320000000000000 1.480841140921990 0.000000000000000E+00 3.94638657
0.340000000000000 1.476509362233990 0.000000000000000E+00 3.95994808
0.360000000000000 1.472890053002490 0.000000000000000E+00 3.97349090
0.380000000000000 1.469814910765470 0.000000000000000E+00 3.98703042
0.400000000000000 1.467162448927360 0.000000000000000E+00 4.00057880
0.420000000000000 1.464842983645190 0.000000000000000E+00 4.01414592
0.440000000000000 1.462789018486200 0.000000000000000E+00 4.02773996
0.460000000000000 1.460948895445540 0.000000000000000E+00 4.04136789
0.480000000000000 1.459282491017580 0.000000000000000E+00 4.05503573
0.500000000000000 1.457758230886090 0.000000000000000E+00 4.06874879
0.520000000000000 1.456350976977650 0.000000000000000E+00 4.08251184
0.540000000000000 1.455040504872550 0.000000000000000E+00 4.09632921
0.560000000000000 1.453810388862100 0.000000000000000E+00 4.11020491
0.580000000000000 1.452647173614480 0.000000000000000E+00 4.12414265
0.600000000000000 1.451539750653930 0.000000000000000E+00 4.13814595
0.620000000000000 1.450478883374820 0.000000000000000E+00 4.15221812
0.640000000000000 1.449456841234660 0.000000000000000E+00 4.16636234
0.660000000000000 1.448467115188050 0.000000000000000E+00 4.18058169
0.680000000000000 1.447504194262530 0.000000000000000E+00 4.19487911
0.700000000000000 1.446563388630130 0.000000000000000E+00 4.20925749
0.720000000000000 1.445640688380580 0.000000000000000E+00 4.22371964
0.740000000000000 1.444732649954490 0.000000000000000E+00 4.23826832
0.760000000000000 1.443836304186120 0.000000000000000E+00 4.25290622
0.780000000000000 1.442949081360790 0.000000000000000E+00 4.26763602
0.800000000000000 1.442068749767140 0.000000000000000E+00 4.28246036
0.820000000000000 1.441193365026340 0.000000000000000E+00 4.29738184
0.840000000000000 1.440321228083130 0.000000000000000E+00 4.31240307
0.860000000000000 1.439450850201230 0.000000000000000E+00 4.32752662
0.880000000000000 1.438580923655350 0.000000000000000E+00 4.34275506
0.900000000000000 1.437710297081190 0.000000000000000E+00 4.35809096
0.920000000000000 1.436837954654120 0.000000000000000E+00 4.37353688
0.940000000000000 1.435962998429850 0.000000000000000E+00 4.38909538
0.960000000000001 1.435084633308880 0.000000000000000E+00 4.40476905
0.980000000000001 1.434202154187680 0.000000000000000E+00 4.42056044
1.000000000000000 1.433314934939830 0.000000000000000E+00 4.43647216
1.020000000000000 1.432422418934920 0.000000000000000E+00 4.45250680
1.040000000000000 1.431524110854580 0.000000000000000E+00 4.46866699
1.060000000000000 1.430619569606390 0.000000000000000E+00 4.48495537
1.080000000000000 1.429708402170740 0.000000000000000E+00 4.50137458
1.100000000000000 1.428790258242730 0.000000000000000E+00 4.51792732
1.120000000000000 1.427864825553910 0.000000000000000E+00 4.53461630
1.140000000000000 1.426931825777340 0.000000000000000E+00 4.55144424
1.160000000000000 1.425991010934250 0.000000000000000E+00 4.56841393
1.180000000000000 1.425042160233560 0.000000000000000E+00 4.58552814
1.200000000000000 1.424085077285890 0.000000000000000E+00 4.60278973
1.220000000000000 1.423119587642290 0.000000000000000E+00 4.62020155
1.240000000000000 1.422145536615510 0.000000000000000E+00 4.63776651
1.260000000000000 1.421162787347380 0.000000000000000E+00 4.65548756
1.280000000000000 1.420171219091340 0.000000000000000E+00 4.67336769
1.300000000000000 1.419170725683410 0.000000000000000E+00 4.69140994
1.320000000000000 1.418161214178510 0.000000000000000E+00 4.70961737
1.340000000000000 1.417142603632170 0.000000000000000E+00 4.72799313
1.360000000000000 1.416114824010530 0.000000000000000E+00 4.74654038
1.380000000000000 1.415077815213490 0.000000000000000E+00 4.76526236
1.400000000000000 1.414031526198070 0.000000000000000E+00 4.78416235
1.420000000000000 1.412975914190590 0.000000000000000E+00 4.80324368
1.440000000000000 1.411910943977710 0.000000000000000E+00 4.82250976
1.460000000000000 1.410836587267640 0.000000000000000E+00 4.84196405
1.480000000000000 1.409752822113960 0.000000000000000E+00 4.86161006
1.500000000000000 1.408659632395140 0.000000000000000E+00 4.88145137
1.520000000000000 1.407557007344180 0.000000000000000E+00 4.90149164
1.540000000000000 1.406444941122750 0.000000000000000E+00 4.92173457
1.560000000000000 1.405323432435580 0.000000000000000E+00 4.94218397
1.580000000000000 1.404192484180820 0.000000000000000E+00 4.96284369
1.600000000000000 1.403052103132810 0.000000000000000E+00 4.98371767
1.620000000000000 1.401902299654040 0.000000000000000E+00 5.00480991
1.640000000000000 1.400743087433450 0.000000000000000E+00 5.02612452
1.660000000000000 1.399574483248490 0.000000000000000E+00 5.04766566
1.680000000000000 1.398396506748790 0.000000000000000E+00 5.06943760
1.700000000000000 1.397209180259190 0.000000000000000E+00 5.09144467
1.720000000000000 1.396012528600550 0.000000000000000E+00 5.11369131
1.740000000000000 1.394806578926540 0.000000000000000E+00 5.13618206
1.760000000000000 1.393591360575090 0.000000000000000E+00 5.15892152
1.780000000000000 1.392366904933010 0.000000000000000E+00 5.18191441
1.800000000000000 1.391133245312840 0.000000000000000E+00 5.20516556
1.820000000000000 1.389890416840630 0.000000000000000E+00 5.22867987
1.840000000000000 1.388638456353870 0.000000000000000E+00 5.25246239
1.860000000000000 1.387377402308630 0.000000000000000E+00 5.27651823
1.880000000000000 1.386107294695100 0.000000000000000E+00 5.30085264
1.900000000000000 1.384828174960930 0.000000000000000E+00 5.32547099
1.920000000000000 1.383540085941600 0.000000000000000E+00 5.35037876
1.940000000000000 1.382243071797390 0.000000000000000E+00 5.37558153
1.960000000000000 1.380937177956230 0.000000000000000E+00 5.40108503
1.980000000000000 1.379622451062200 0.000000000000000E+00 5.42689512
2.000000000000000 1.378298938928970 0.000000000000000E+00 5.45301777
