0.200000000000000 1.550117384483680 0.000000000000000E+00 7.20041397
0.220000000000000 1.527977270127480 0.000000000000000E+00 7.22014346
0.240000000000000 1.512757916814810 0.000000000000000E+00 7.23932452
0.260000000000000 1.501716535282240 0.000000000000000E+00 7.25815076
0.280000000000000 1.493382195592060 0.000000000000000E+00 7.27673835
0.300000000000000 1.486894226028940 0.000000000000000E+00 7.29516228
0.320000000000000 1.481715823240360 0.000000000000000E+00 7.31347371
0.340000000000000 1.477495360861240 0.000000000000000E+00 7.33170903
0.360000000000000 1.473993360766050 0.000000000000000E+00 7.34989500
0.380000000000000 1.471041454882640 0.000000000000000E+00 7.36805190
0.400000000000000 1.468518089791000 0.000000000000000E+00 7.38619545
0.420000000000000 1.466333514273700 0.000000000000000E+00 7.40433812
0.440000000000000 1.464420164390290 0.000000000000000E+00 7.42249002
0.460000000000000 1.462726314766510 0.000000000000000E+00 7.44065945
0.480000000000000 1.461211774841350 0.000000000000000E+00 7.45885340
0.500000000000000 1.459844903675130 0.000000000000000E+00 7.47707780
0.520000000000000 1.458600497081860 0.000000000000000E+00 7.49533782
0.540000000000000 1.457458265091280 0.000000000000000E+00 7.51363799
0.560000000000000 1.456401717040600 0.000000000000000E+00 7.53198235
0.580000000000000 1.455417333261150 0.000000000000000E+00 7.55037456
0.600000000000000 1.454493941569640 0.000000000000000E+00 7.56881797
0.620000000000000 1.453622242287800 0.000000000000000E+00 7.58731566
0.640000000000000 1.452794442435800 0.000000000000000E+00 7.60587055
0.660000000000000 1.452003971163690 0.000000000000000E+00 7.62448536
0.680000000000000 1.451245256321760 0.000000000000000E+00 7.64316269
0.700000000000000 1.450513547524520 0.000000000000000E+00 7.66190504
0.720000000000000 1.449804774914780 0.000000000000000E+00 7.68071480
0.740000000000000 1.449115435586860 0.000000000000000E+00 7.69959431
0.760000000000000 1.448442501618130 0.000000000000000E+00 7.71854583
0.780000000000000 1.447783345114480 0.000000000000000E+00 7.73757158
0.800000000000000 1.447135676750350 0.000000000000000E+00 7.75667374
0.820000000000000 1.446497495084630 0.000000000000000E+00 7.77585444
0.840000000000000 1.445867044538980 0.000000000000000E+00 7.79511580
0.860000000000000 1.445242780379090 0.000000000000000E+00 7.81445991
0.880000000000000 1.444623339393310 0.000000000000000E+00 7.83388883
0.900000000000000 1.444007515228040 0.000000000000000E+00 7.85340461
0.920000000000000 1.443394237552560 0.000000000000000E+00 7.87300930
0.940000000000000 1.442782554385240 0.000000000000000E+00 7.89270493
0.960000000000001 1.442171617043290 0.000000000000000E+00 7.91249352
0.980000000000001 1.441560667279240 0.000000000000000E+00 7.93237709
1.000000000000000 1.440949026247700 0.000000000000000E+00 7.95235766
1.020000000000000 1.440336085009080 0.000000000000000E+00 7.97243723
1.040000000000000 1.439721296330630 0.000000000000000E+00 7.99261782
1.060000000000000 1.439104167585700 0.000000000000000E+00 8.01290145
1.080000000000000 1.438484254585270 0.000000000000000E+00 8.03329013
1.100000000000000 1.437861156204900 0.000000000000000E+00 8.05378589
1.120000000000000 1.437234509691290 0.000000000000000E+00 8.07439076
1.140000000000000 1.436603986552180 0.000000000000000E+00 8.09510677
1.160000000000000 1.435969288947710 0.000000000000000E+00 8.11593596
1.180000000000000 1.435330146514800 0.000000000000000E+00 8.13688040
1.200000000000000 1.434686313565810 0.000000000000000E+00 8.15794215
1.220000000000000 1.434037566612020 0.000000000000000E+00 8.17912327
1.240000000000000 1.433383702169490 0.000000000000000E+00 8.20042586
1.260000000000000 1.432724534811200 0.000000000000000E+00 8.22185203
1.280000000000000 1.432059895434140 0.000000000000000E+00 8.24340388
1.300000000000000 1.431389629714940 0.000000000000000E+00 8.26508355
1.320000000000000 1.430713596730760 0.000000000000000E+00 8.28689320
1.340000000000000 1.430031667725640 0.000000000000000E+00 8.30883497
1.360000000000000 1.429343725005060 0.000000000000000E+00 8.33091107
1.380000000000000 1.428649660943670 0.000000000000000E+00 8.35312370
1.400000000000000 1.427949377093220 0.000000000000000E+00 8.37547508
1.420000000000000 1.427242783379270 0.000000000000000E+00 8.39796747
1.440000000000000 1.426529797376830 0.000000000000000E+00 8.42060312
1.460000000000000 1.425810343656060 0.000000000000000E+00 8.44338434
1.480000000000000 1.425084353190630 0.000000000000000E+00 8.46631345
1.500000000000000 1.424351762821850 0.000000000000000E+00 8.48939279
1.520000000000000 1.423612514772660 0.000000000000000E+00 8.51262473
1.540000000000000 1.422866556206440 0.000000000000000E+00 8.53601166
1.560000000000000 1.422113838825820 0.000000000000000E+00 8.55955603
1.580000000000000 1.421354318507550 0.000000000000000E+00 8.58326028
1.600000000000000 1.420587954969700 0.000000000000000E+00 8.60712691
1.620000000000000 1.419814711468160 0.000000000000000E+00 8.63115842
1.640000000000000 1.419034554519330 0.000000000000000E+00 8.65535739
1.660000000000000 1.418247453646650 0.000000000000000E+00 8.67972639
1.680000000000000 1.417453381148660 0.000000000000000E+00 8.70426804
1.700000000000000 1.416652311886450 0.000000000000000E+00 8.72898500
1.720000000000000 1.415844223088820 0.000000000000000E+00 8.75387998
1.740000000000000 1.415029094173460 0.000000000000000E+00 8.77895569
1.760000000000000 1.414206906582690 0.000000000000000E+00 8.80421492
1.780000000000000 1.413377643632410 0.000000000000000E+00 8.82966047
1.800000000000000 1.412541290373220 0.000000000000000E+00 8.85529521
1.820000000000000 1.411697833462410 0.000000000000000E+00 8.88112203
1.840000000000000 1.410847261046150 0.000000000000000E+00 8.90714387
1.860000000000000 1.409989562650730 0.000000000000000E+00 8.93336371
1.880000000000000 1.409124729082310 0.000000000000000E+00 8.95978461
1.900000000000000 1.408252752334270 0.000000000000000E+00 8.98640962
1.920000000000000 1.407373625501690 0.000000000000000E+00 9.01324189
1.940000000000000 1.406487342702240 0.000000000000000E+00 9.04028460
1.960000000000000 1.405593899003070 0.000000000000000E+00 9.06754098
1.980000000000000 1.404693290353150 0.000000000000000E+00 9.09501432
2.000000000000000 1.403785513520560 0.000000000000000E+00 9.12270795
