0.200000000000000 1.549877044457270 0.000000000000000E+00 4.44773096
0.220000000000000 1.527683597216310 0.000000000000000E+00 4.46332083
0.240000000000000 1.512406471460830 0.000000000000000E+00 4.47849289
0.260000000000000 1.501302843176660 0.000000000000000E+00 4.49339914
0.280000000000000 1.492901788281490 0.000000000000000E+00 4.50813082
0.300000000000000 1.486342660150100 0.000000000000000E+00 4.52274693
0.320000000000000 1.481088690437220 0.000000000000000E+00 4.53728781
0.340000000000000 1.476788293183310 0.000000000000000E+00 4.55178225
0.360000000000000 1.473202033692230 0.000000000000000E+00 4.56625160
0.380000000000000 1.470161589017390 0.000000000000000E+00 4.58071217
0.400000000000000 1.467545451780640 0.000000000000000E+00 4.59517675
0.420000000000000 1.465263917246030 0.000000000000000E+00 4.60965566
0.440000000000000 1.463249468093630 0.000000000000000E+00 4.62415742
0.460000000000000 1.461450425514410 0.000000000000000E+00 4.63868918
0.480000000000000 1.459826645329050 0.000000000000000E+00 4.65325710
0.500000000000000 1.458346532710840 0.000000000000000E+00 4.66786656
0.520000000000000 1.456984929260200 0.000000000000000E+00 4.68252235
0.540000000000000 1.455721590429040 0.000000000000000E+00 4.69722880
0.560000000000000 1.454540070586400 0.000000000000000E+00 4.71198988
0.580000000000000 1.453426894689150 0.000000000000000E+00 4.72680924
0.600000000000000 1.452370934763370 0.000000000000000E+00 4.74169034
0.620000000000000 1.451362934918880 0.000000000000000E+00 4.75663641
0.640000000000000 1.450395145540930 0.000000000000000E+00 4.77165055
0.660000000000000 1.449461038722560 0.000000000000000E+00 4.78673572
0.680000000000000 1.448555084837260 0.000000000000000E+00 4.80189479
0.700000000000000 1.447672575607510 0.000000000000000E+00 4.81713052
0.720000000000000 1.446809482874010 0.000000000000000E+00 4.83244563
0.740000000000000 1.445962345025000 0.000000000000000E+00 4.84784274
0.760000000000000 1.445128175034090 0.000000000000000E+00 4.86332445
0.780000000000000 1.444304385513630 0.000000000000000E+00 4.87889331
0.800000000000000 1.443488727261900 0.000000000000000E+00 4.89455184
0.820000000000000 1.442679238587420 0.000000000000000E+00 4.91030252
0.840000000000000 1.441874203295040 0.000000000000000E+00 4.92614781
0.860000000000000 1.441072115676060 0.000000000000000E+00 4.94209017
0.880000000000000 1.440271651195280 0.000000000000000E+00 4.95813202
0.900000000000000 1.439471641835520 0.000000000000000E+00 4.97427579
0.920000000000000 1.438671055271040 0.000000000000000E+00 4.99052389
0.940000000000000 1.437868977202870 0.000000000000000E+00 5.00687874
0.960000000000001 1.437064596317850 0.000000000000000E+00 5.02334276
0.980000000000001 1.436257191434340 0.000000000000000E+00 5.03991835
1.000000000000000 1.435446120477880 0.000000000000000E+00 5.05660795
1.020000000000000 1.434630810994690 0.000000000000000E+00 5.07341398
1.040000000000000 1.433810751962110 0.000000000000000E+00 5.09033889
1.060000000000000 1.432985486697000 0.000000000000000E+00 5.10738513
1.080000000000000 1.432154606697090 0.000000000000000E+00 5.12455516
1.100000000000000 1.431317746277310 0.000000000000000E+00 5.14185147
1.120000000000000 1.430474577886010 0.000000000000000E+00 5.15927656
1.140000000000000 1.429624808004400 0.000000000000000E+00 5.17683296
1.160000000000000 1.428768173547710 0.000000000000000E+00 5.19452322
1.180000000000000 1.427904438699110 0.000000000000000E+00 5.21234989
1.200000000000000 1.427033392118160 0.000000000000000E+00 5.23031558
1.220000000000000 1.426154844474000 0.000000000000000E+00 5.24842292
1.240000000000000 1.425268626261010 0.000000000000000E+00 5.26667454
1.260000000000000 1.424374585860650 0.000000000000000E+00 5.28507315
1.280000000000000 1.423472587818470 0.000000000000000E+00 5.30362145
1.300000000000000 1.422562511309480 0.000000000000000E+00 5.32232221
1.320000000000000 1.421644248768920 0.000000000000000E+00 5.34117819
1.340000000000000 1.420717704668500 0.000000000000000E+00 5.36019224
1.360000000000000 1.419782794420790 0.000000000000000E+00 5.37936722
1.380000000000000 1.418839443396890 0.000000000000000E+00 5.39870603
1.400000000000000 1.417887586044260 0.000000000000000E+00 5.41821162
1.420000000000000 1.416927165093370 0.000000000000000E+00 5.43788699
1.440000000000000 1.415958130843270 0.000000000000000E+00 5.45773518
1.460000000000000 1.414980440517300 0.000000000000000E+00 5.47775927
1.480000000000000 1.413994057681400 0.000000000000000E+00 5.49796240
1.500000000000000 1.412998951718210 0.000000000000000E+00 5.51834777
1.520000000000000 1.411995097351130 0.000000000000000E+00 5.53891861
1.540000000000000 1.410982474213130 0.000000000000000E+00 5.55967823
1.560000000000000 1.409961066455590 0.000000000000000E+00 5.58062996
1.580000000000000 1.408930862393250 0.000000000000000E+00 5.60177724
1.600000000000000 1.407891854181530 0.000000000000000E+00 5.62312353
1.620000000000000 1.406844037523030 0.000000000000000E+00 5.64467236
1.640000000000000 1.405787411400430 0.000000000000000E+00 5.66642733
1.660000000000000 1.404721977833150 0.000000000000000E+00 5.68839211
1.680000000000000 1.403647741655480 0.000000000000000E+00 5.71057043
1.700000000000000 1.402564710314350 0.000000000000000E+00 5.73296609
1.720000000000000 1.401472893684570 0.000000000000000E+00 5.75558296
1.740000000000000 1.400372303900330 0.000000000000000E+00 5.77842499
1.760000000000000 1.399262955201110 0.000000000000000E+00 5.80149621
1.780000000000000 1.398144863791020 0.000000000000000E+00 5.82480071
1.800000000000000 1.397018047710130 0.000000000000000E+00 5.84834269
1.820000000000000 1.395882526716870 0.000000000000000E+00 5.87212639
1.840000000000000 1.394738322180540 0.000000000000000E+00 5.89615617
1.860000000000000 1.393585456983040 0.000000000000000E+00 5.92043648
1.880000000000000 1.392423955428960 0.000000000000000E+00 5.94497182
1.900000000000000 1.391253843163490 0.000000000000000E+00 5.96976682
1.920000000000000 1.390075147097400 0.000000000000000E+00 5.99482620
1.940000000000000 1.388887895338500 0.000000000000000E+00 6.02015476
1.960000000000000 1.387692117129120 0.000000000000000E+00 6.04575740
1.980000000000000 1.386487842789080 0.000000000000000E+00 6.07163915
2.000000000000000 1.385275103663750 0.000000000000000E+00 6.09780512
