0.200000000000000 1.550172942026680 0.000000000000000E+00 8.40280735
0.220000000000000 1.528045203926290 0.000000000000000E+00 8.42408319
0.240000000000000 1.512839269878500 0.000000000000000E+00 8.44476182
0.260000000000000 1.501812360456800 0.000000000000000E+00 8.46505247
0.280000000000000 1.493493546143080 0.000000000000000E+00 8.48508066
0.300000000000000 1.487022151159700 0.000000000000000E+00 8.50492741
0.320000000000000 1.481861365762610 0.000000000000000E+00 8.52464798
0.340000000000000 1.477659555910540 0.000000000000000E+00 8.54428165
0.360000000000000 1.474177235066560 0.000000000000000E+00 8.56385728
0.380000000000000 1.471246026319390 0.000000000000000E+00 8.58339671
0.400000000000000 1.468744367163380 0.000000000000000E+00 8.60291685
0.420000000000000 1.466582497159760 0.000000000000000E+00 8.62243105
0.440000000000000 1.464692843081390 0.000000000000000E+00 8.64195010
0.460000000000000 1.463023670247910 0.000000000000000E+00 8.66148283
0.480000000000000 1.461534778802790 0.000000000000000E+00 8.68103662
0.500000000000000 1.460194518542370 0.000000000000000E+00 8.70061769
0.520000000000000 1.458977676061870 0.000000000000000E+00 8.72023143
0.540000000000000 1.457863952227650 0.000000000000000E+00 8.73988252
0.560000000000000 1.456836847274870 0.000000000000000E+00 8.75957509
0.580000000000000 1.455882832499300 0.000000000000000E+00 8.77931287
0.600000000000000 1.454990726751480 0.000000000000000E+00 8.79909922
0.620000000000000 1.454151221457880 0.000000000000000E+00 8.81893723
0.640000000000000 1.453356514815940 0.000000000000000E+00 8.83882978
0.660000000000000 1.452600027225910 0.000000000000000E+00 8.85877956
0.680000000000000 1.451876177861730 0.000000000000000E+00 8.87878911
0.700000000000000 1.451180207733720 0.000000000000000E+00 8.89886085
0.720000000000000 1.450508038453780 0.000000000000000E+00 8.91899710
0.740000000000000 1.449856158656550 0.000000000000000E+00 8.93920012
0.760000000000000 1.449221532031000 0.000000000000000E+00 8.95947208
0.780000000000000 1.448601522364760 0.000000000000000E+00 8.97981510
0.800000000000000 1.447993832083060 0.000000000000000E+00 9.00023126
0.820000000000000 1.447396451563850 0.000000000000000E+00 9.02072261
0.840000000000000 1.446807617114570 0.000000000000000E+00 9.04129114
0.860000000000000 1.446225775952500 0.000000000000000E+00 9.06193886
0.880000000000000 1.445649556882150 0.000000000000000E+00 9.08266773
0.900000000000000 1.445077745629560 0.000000000000000E+00 9.10347970
0.920000000000000 1.444509264005550 0.000000000000000E+00 9.12437670
0.940000000000000 1.443943152230880 0.000000000000000E+00 9.14536066
0.960000000000001 1.443378553884300 0.000000000000000E+00 9.16643351
0.980000000000001 1.442814703038630 0.000000000000000E+00 9.18759715
1.000000000000000 1.442250913224990 0.000000000000000E+00 9.20885350
1.020000000000000 1.441686567935940 0.000000000000000E+00 9.23020446
1.040000000000000 1.441121112425050 0.000000000000000E+00 9.25165195
1.060000000000000 1.440554046604600 0.000000000000000E+00 9.27319787
1.080000000000000 1.439984918875830 0.000000000000000E+00 9.29484414
1.100000000000000 1.439413320754630 0.000000000000000E+00 9.31659267
1.120000000000000 1.438838882176360 0.000000000000000E+00 9.33844538
1.140000000000000 1.438261267384780 0.000000000000000E+00 9.36040419
1.160000000000000 1.437680171321620 0.000000000000000E+00 9.38247105
1.180000000000000 1.437095316449780 0.000000000000000E+00 9.40464788
1.200000000000000 1.436506449950450 0.000000000000000E+00 9.42693664
1.220000000000000 1.435913341245230 0.000000000000000E+00 9.44933928
1.240000000000000 1.435315779800470 0.000000000000000E+00 9.47185778
1.260000000000000 1.434713573177990 0.000000000000000E+00 9.49449411
1.280000000000000 1.434106545300780 0.000000000000000E+00 9.51725026
1.300000000000000 1.433494534907070 0.000000000000000E+00 9.54012824
1.320000000000000 1.432877394169810 0.000000000000000E+00 9.56313007
1.340000000000000 1.432254987461540 0.000000000000000E+00 9.58625778
1.360000000000000 1.431627190247450 0.000000000000000E+00 9.60951342
1.380000000000000 1.430993888091650 0.000000000000000E+00 9.63289906
1.400000000000000 1.430354975763570 0.000000000000000E+00 9.65641677
1.420000000000000 1.429710356433210 0.000000000000000E+00 9.68006865
1.440000000000000 1.429059940945190 0.000000000000000E+00 9.70385683
1.460000000000000 1.428403647163060 0.000000000000000E+00 9.72778345
1.480000000000000 1.427741399376030 0.000000000000000E+00 9.75185066
1.500000000000000 1.427073127761590 0.000000000000000E+00 9.77606064
1.520000000000000 1.426398767898000 0.000000000000000E+00 9.80041559
1.540000000000000 1.425718260321510 0.000000000000000E+00 9.82491775
1.560000000000000 1.425031550123660 0.000000000000000E+00 9.84956935
1.580000000000000 1.424338586584520 0.000000000000000E+00 9.87437268
1.600000000000000 1.423639322838410 0.000000000000000E+00 9.89933003
1.620000000000000 1.422933715568750 0.000000000000000E+00 9.92444373
1.640000000000000 1.422221724729190 0.000000000000000E+00 9.94971614
1.660000000000000 1.421503313288560 0.000000000000000E+00 9.97514963
1.680000000000000 1.420778446997280 0.000000000000000E+00 10.00074662
1.700000000000000 1.420047094173270 0.000000000000000E+00 10.02650954
1.720000000000000 1.419309225505420 0.000000000000000E+00 10.05244087
1.740000000000000 1.418564813873180 0.000000000000000E+00 10.07854312
1.760000000000000 1.417813834180640 0.000000000000000E+00 10.10481882
1.780000000000000 1.417056263203850 0.000000000000000E+00 10.13127054
1.800000000000000 1.416292079450260 0.000000000000000E+00 10.15790089
1.820000000000000 1.415521263029070 0.000000000000000E+00 10.18471251
1.840000000000000 1.414743795531700 0.000000000000000E+00 10.21170809
1.860000000000000 1.413959659921360 0.000000000000000E+00 10.23889032
1.880000000000000 1.413168840431090 0.000000000000000E+00 10.26626198
1.900000000000000 1.412371322469440 0.000000000000000E+00 10.29382586
1.920000000000000 1.411567092533150 0.000000000000000E+00 10.32158480
1.940000000000000 1.410756138126370 0.000000000000000E+00 10.34954167
1.960000000000000 1.409938447685740 0.000000000000000E+00 10.37769940
1.980000000000000 1.409114010511010 0.000000000000000E+00 10.40606096
2.000000000000000 1.408282816700580 0.000000000000000E+00 10.43462935
