0.200000000000000 1.549917764859920 0.000000000000000E+00 4.75573352
0.220000000000000 1.527733332207500 0.000000000000000E+00 4.77184335
0.240000000000000 1.512465965703240 0.000000000000000E+00 4.78751892
0.260000000000000 1.501372846419980 0.000000000000000E+00 4.80291743
0.280000000000000 1.492983048497850 0.000000000000000E+00 4.81813324
0.300000000000000 1.486435920292660 0.000000000000000E+00 4.83322735
0.320000000000000 1.481194686777850 0.000000000000000E+00 4.84824143
0.340000000000000 1.476907754415780 0.000000000000000E+00 4.86320522
0.360000000000000 1.473335680437500 0.000000000000000E+00 4.87814072
0.380000000000000 1.470310133553330 0.000000000000000E+00 4.89306471
0.400000000000000 1.467709597903690 0.000000000000000E+00 4.90799035
0.420000000000000 1.465444360213000 0.000000000000000E+00 4.92292819
0.440000000000000 1.463446894614080 0.000000000000000E+00 4.93788693
0.460000000000000 1.461665513775610 0.000000000000000E+00 4.95287385
0.480000000000000 1.460060065042040 0.000000000000000E+00 4.96789519
0.500000000000000 1.458598945170790 0.000000000000000E+00 4.98295638
0.520000000000000 1.457256987415900 0.000000000000000E+00 4.99806226
0.540000000000000 1.456013938958480 0.000000000000000E+00 5.01321716
0.560000000000000 1.454853345976410 0.000000000000000E+00 5.02842503
0.580000000000000 1.453761725317220 0.000000000000000E+00 5.04368954
0.600000000000000 1.452727940980750 0.000000000000000E+00 5.05901411
0.620000000000000 1.451742729134280 0.000000000000000E+00 5.07440194
0.640000000000000 1.450798332303860 0.000000000000000E+00 5.08985611
0.660000000000000 1.449888214806320 0.000000000000000E+00 5.10537954
0.680000000000000 1.449006839320920 0.000000000000000E+00 5.12097505
0.700000000000000 1.448149489957090 0.000000000000000E+00 5.13664538
0.720000000000000 1.447312131021920 0.000000000000000E+00 5.15239317
0.740000000000000 1.446491293448090 0.000000000000000E+00 5.16822103
0.760000000000000 1.445683982830640 0.000000000000000E+00 5.18413149
0.780000000000000 1.444887604478010 0.000000000000000E+00 5.20012706
0.800000000000000 1.444099901958160 0.000000000000000E+00 5.21621020
0.820000000000000 1.443318906420400 0.000000000000000E+00 5.23238335
0.840000000000000 1.442542894580230 0.000000000000000E+00 5.24864891
0.860000000000000 1.441770353707390 0.000000000000000E+00 5.26500928
0.880000000000000 1.440999952310950 0.000000000000000E+00 5.28146682
0.900000000000000 1.440230515482000 0.000000000000000E+00 5.29802392
0.920000000000000 1.439461004065010 0.000000000000000E+00 5.31468292
0.940000000000000 1.438690496991380 0.000000000000000E+00 5.33144617
0.960000000000001 1.437918176236290 0.000000000000000E+00 5.34831603
0.980000000000001 1.437143313962530 0.000000000000000E+00 5.36529484
1.000000000000000 1.436365261494110 0.000000000000000E+00 5.38238496
1.020000000000000 1.435583439827770 0.000000000000000E+00 5.39958875
1.040000000000000 1.434797331441310 0.000000000000000E+00 5.41690858
1.060000000000000 1.434006473200060 0.000000000000000E+00 5.43434682
1.080000000000000 1.433210450196070 0.000000000000000E+00 5.45190587
1.100000000000000 1.432408890382480 0.000000000000000E+00 5.46958813
1.120000000000000 1.431601459887610 0.000000000000000E+00 5.48739601
1.140000000000000 1.430787858912390 0.000000000000000E+00 5.50533195
1.160000000000000 1.429967818129410 0.000000000000000E+00 5.52339841
1.180000000000000 1.429141095514790 0.000000000000000E+00 5.54159787
1.200000000000000 1.428307473554540 0.000000000000000E+00 5.55993283
1.220000000000000 1.427466756775700 0.000000000000000E+00 5.57840581
1.240000000000000 1.426618769559900 0.000000000000000E+00 5.59701935
1.260000000000000 1.425763354203110 0.000000000000000E+00 5.61577605
1.280000000000000 1.424900369190600 0.000000000000000E+00 5.63467850
1.300000000000000 1.424029687660200 0.000000000000000E+00 5.65372934
1.320000000000000 1.423151196031000 0.000000000000000E+00 5.67293125
1.340000000000000 1.422264792777500 0.000000000000000E+00 5.69228692
1.360000000000000 1.421370387331910 0.000000000000000E+00 5.71179910
1.380000000000000 1.420467899099760 0.000000000000000E+00 5.73147056
1.400000000000000 1.419557256575620 0.000000000000000E+00 5.75130412
1.420000000000000 1.418638396547690 0.000000000000000E+00 5.77130263
1.440000000000000 1.417711263381260 0.000000000000000E+00 5.79146900
1.460000000000000 1.416775808372360 0.000000000000000E+00 5.81180615
1.480000000000000 1.415831989163970 0.000000000000000E+00 5.83231707
1.500000000000000 1.414879769218060 0.000000000000000E+00 5.85300480
1.520000000000000 1.413919117337550 0.000000000000000E+00 5.87387241
1.540000000000000 1.412950007233030 0.000000000000000E+00 5.89492303
1.560000000000000 1.411972417129570 0.000000000000000E+00 5.91615984
1.580000000000000 1.410986329409520 0.000000000000000E+00 5.93758607
1.600000000000000 1.409991730287780 0.000000000000000E+00 5.95920501
1.620000000000000 1.408988609516240 0.000000000000000E+00 5.98102001
1.640000000000000 1.407976960114580 0.000000000000000E+00 6.00303446
1.660000000000000 1.406956778124810 0.000000000000000E+00 6.02525182
1.680000000000000 1.405928062387410 0.000000000000000E+00 6.04767561
1.700000000000000 1.404890814336900 0.000000000000000E+00 6.07030942
1.720000000000000 1.403845037815110 0.000000000000000E+00 6.09315691
1.740000000000000 1.402790738900490 0.000000000000000E+00 6.11622177
1.760000000000000 1.401727925752030 0.000000000000000E+00 6.13950782
1.780000000000000 1.400656608466390 0.000000000000000E+00 6.16301888
1.800000000000000 1.399576798947260 0.000000000000000E+00 6.18675891
1.820000000000000 1.398488510785600 0.000000000000000E+00 6.21073189
1.840000000000000 1.397391759150040 0.000000000000000E+00 6.23494192
1.860000000000000 1.396286560686530 0.000000000000000E+00 6.25939314
1.880000000000000 1.395172933426330 0.000000000000000E+00 6.28408981
1.900000000000000 1.394050896701790 0.000000000000000E+00 6.30903624
1.920000000000000 1.392920471069210 0.000000000000000E+00 6.33423684
1.940000000000000 1.391781678238220 0.000000000000000E+00 6.35969611
1.960000000000000 1.390634541007070 0.000000000000000E+00 6.38541864
1.980000000000000 1.389479083203520 0.000000000000000E+00 6.41140910
2.000000000000000 1.388315329630760 0.000000000000000E+00 6.43767227
