0.200000000000000 1.550374739829680 0.000000000000000E+00    21.36339861
0.220000000000000 1.528292147434310 0.000000000000000E+00    21.39707478
0.240000000000000 1.513135215654910 0.000000000000000E+00    21.42976176
0.260000000000000 1.502161208324540 0.000000000000000E+00    21.46179407
0.280000000000000 1.493899204886780 0.000000000000000E+00    21.49337242
0.300000000000000 1.487488522133250 0.000000000000000E+00    21.52462636
0.320000000000000 1.482392334309510 0.000000000000000E+00    21.55564420
0.340000000000000 1.478258986577500 0.000000000000000E+00    21.58648866
0.360000000000000 1.474848968813360 0.000000000000000E+00    21.61720579
0.380000000000000 1.471993878847720 0.000000000000000E+00    21.64783032
0.400000000000000 1.469572127905380 0.000000000000000E+00    21.67838906
0.420000000000000 1.467493928671840 0.000000000000000E+00    21.70890310
0.440000000000000 1.465691680695640 0.000000000000000E+00    21.73938930
0.460000000000000 1.464113621891830 0.000000000000000E+00    21.76986138
0.480000000000000 1.462719524931800 0.000000000000000E+00    21.80033061
0.500000000000000 1.461477712149130 0.000000000000000E+00    21.83080639
0.520000000000000 1.460362942738700 0.000000000000000E+00    21.86129666
0.540000000000000 1.459354890266250 0.000000000000000E+00    21.89180814
0.560000000000000 1.458437027792470 0.000000000000000E+00    21.92234666
0.580000000000000 1.457595799583050 0.000000000000000E+00    21.95291725
0.600000000000000 1.456819997615830 0.000000000000000E+00    21.98352432
0.620000000000000 1.456100286611850 0.000000000000000E+00    22.01417180
0.640000000000000 1.455428838235830 0.000000000000000E+00    22.04486315
0.660000000000000 1.454799046532490 0.000000000000000E+00    22.07560152
0.680000000000000 1.454205304499370 0.000000000000000E+00    22.10638976
0.700000000000000 1.453642827151980 0.000000000000000E+00    22.13723045
0.720000000000000 1.453107510288120 0.000000000000000E+00    22.16812602
0.740000000000000 1.452595816909310 0.000000000000000E+00    22.19907867
0.760000000000000 1.452104685251410 0.000000000000000E+00    22.23009050
0.780000000000000 1.451631453827560 0.000000000000000E+00    22.26116348
0.800000000000000 1.451173799965500 0.000000000000000E+00    22.29229946
0.820000000000001 1.450729689120650 0.000000000000000E+00    22.32350023
0.840000000000001 1.450297332851260 0.000000000000000E+00    22.35476751
0.860000000000001 1.449875153795470 0.000000000000000E+00    22.38610294
0.880000000000001 1.449461756347240 0.000000000000000E+00    22.41750814
0.900000000000001 1.449055901987520 0.000000000000000E+00    22.44898466
0.920000000000001 1.448656488445490 0.000000000000000E+00    22.48053404
0.940000000000000 1.448262532019870 0.000000000000000E+00    22.51215780
0.960000000000001 1.447873152525720 0.000000000000000E+00    22.54385741
0.980000000000001 1.447487560426300 0.000000000000000E+00    22.57563436
1.000000000000000 1.447105045795440 0.000000000000000E+00    22.60749010
1.020000000000000 1.446724968817230 0.000000000000000E+00    22.63942609
1.040000000000000 1.446346751583010 0.000000000000000E+00    22.67144376
1.060000000000000 1.445969870985870 0.000000000000000E+00    22.70354458
1.080000000000000 1.445593852548190 0.000000000000000E+00    22.73572998
1.100000000000000 1.445218265043800 0.000000000000000E+00    22.76800141
1.120000000000000 1.444842715800760 0.000000000000000E+00    22.80036032
1.140000000000000 1.444466846586130 0.000000000000000E+00    22.83280817
1.160000000000000 1.444090329993570 0.000000000000000E+00    22.86534640
1.180000000000000 1.443712866262470 0.000000000000000E+00    22.89797650
1.200000000000000 1.443334180472770 0.000000000000000E+00    22.93069993
1.220000000000000 1.442954020063620 0.000000000000000E+00    22.96351818
1.240000000000000 1.442572152634690 0.000000000000000E+00    22.99643274
1.260000000000000 1.442188363993800 0.000000000000000E+00    23.02944512
1.280000000000000 1.441802456419400 0.000000000000000E+00    23.06255682
1.300000000000000 1.441414247111600 0.000000000000000E+00    23.09576938
1.320000000000000 1.441023566808260 0.000000000000000E+00    23.12908433
1.340000000000000 1.440630258547290 0.000000000000000E+00    23.16250321
1.360000000000000 1.440234176555370 0.000000000000000E+00    23.19602759
1.380000000000000 1.439835185252170 0.000000000000000E+00    23.22965905
1.400000000000000 1.439433158352740 0.000000000000000E+00    23.26339917
1.420000000000000 1.439027978060020 0.000000000000000E+00    23.29724954
1.440000000000000 1.438619534335210 0.000000000000000E+00    23.33121179
1.460000000000000 1.438207724238970 0.000000000000000E+00    23.36528754
1.480000000000000 1.437792451334830 0.000000000000000E+00    23.39947843
1.500000000000000 1.437373625148420 0.000000000000000E+00    23.43378613
1.520000000000000 1.436951160676670 0.000000000000000E+00    23.46821229
1.540000000000000 1.436524977941600 0.000000000000000E+00    23.50275862
1.560000000000000 1.436095001584250 0.000000000000000E+00    23.53742681
1.580000000000000 1.435661160494360 0.000000000000000E+00    23.57221857
1.600000000000000 1.435223387472750 0.000000000000000E+00    23.60713566
1.620000000000000 1.434781618923060 0.000000000000000E+00    23.64217980
1.640000000000000 1.434335794568450 0.000000000000000E+00    23.67735278
1.660000000000000 1.433885857194040 0.000000000000000E+00    23.71265638
1.680000000000000 1.433431752409060 0.000000000000000E+00    23.74809239
1.700000000000000 1.432973428429520 0.000000000000000E+00    23.78366264
1.720000000000000 1.432510835877960 0.000000000000000E+00    23.81936897
1.740000000000000 1.432043927599450 0.000000000000000E+00    23.85521323
1.760000000000000 1.431572658491950 0.000000000000000E+00    23.89119729
1.780000000000000 1.431096985349870 0.000000000000000E+00    23.92732305
1.800000000000000 1.430616866720020 0.000000000000000E+00    23.96359243
1.820000000000000 1.430132262767890 0.000000000000000E+00    24.00000735
1.840000000000000 1.429643135154520 0.000000000000000E+00    24.03656977
1.860000000000000 1.429149446922170 0.000000000000000E+00    24.07328167
1.880000000000000 1.428651162388510 0.000000000000000E+00    24.11014504
1.900000000000000 1.428148247048270 0.000000000000000E+00    24.14716190
1.920000000000000 1.427640667482240 0.000000000000000E+00    24.18433429
1.940000000000000 1.427128391272260 0.000000000000000E+00    24.22166428
1.960000000000000 1.426611386922400 0.000000000000000E+00    24.25915394
1.980000000000000 1.426089623785450 0.000000000000000E+00    24.29680539
2.000000000000000 1.425563071994400 0.000000000000000E+00    24.33462077
