0.200000000000000 1.550046647545880 0.000000000000000E+00 6.09080956
0.220000000000000 1.527890803101660 0.000000000000000E+00 6.10898578
0.240000000000000 1.512654401436470 0.000000000000000E+00 6.12666257
0.260000000000000 1.501594641816190 0.000000000000000E+00 6.14401792
0.280000000000000 1.493240594806160 0.000000000000000E+00 6.16115862
0.300000000000000 1.486731594881070 0.000000000000000E+00 6.17815365
0.320000000000000 1.481530847824080 0.000000000000000E+00 6.19505008
0.340000000000000 1.477286738020910 0.000000000000000E+00 6.21188141
0.360000000000000 1.473759799013230 0.000000000000000E+00 6.22867233
0.380000000000000 1.470781674920800 0.000000000000000E+00 6.24544159
0.400000000000000 1.468230824810400 0.000000000000000E+00 6.26220375
0.420000000000000 1.466017510105220 0.000000000000000E+00 6.27897045
0.440000000000000 1.464074179570150 0.000000000000000E+00 6.29575111
0.460000000000000 1.462349120543450 0.000000000000000E+00 6.31255358
0.480000000000000 1.460802155145000 0.000000000000000E+00 6.32938447
0.500000000000000 1.459401655059270 0.000000000000000E+00 6.34624947
0.520000000000000 1.458122428649500 0.000000000000000E+00 6.36315356
0.540000000000000 1.456944198408640 0.000000000000000E+00 6.38010115
0.560000000000000 1.455850486042190 0.000000000000000E+00 6.39709621
0.580000000000000 1.454827784150210 0.000000000000000E+00 6.41414238
0.600000000000000 1.453864932714810 0.000000000000000E+00 6.43124300
0.620000000000000 1.452952644117210 0.000000000000000E+00 6.44840120
0.640000000000000 1.452083137331140 0.000000000000000E+00 6.46561991
0.660000000000000 1.451249853353060 0.000000000000000E+00 6.48290194
0.680000000000000 1.450447231772990 0.000000000000000E+00 6.50024995
0.700000000000000 1.449670533839190 0.000000000000000E+00 6.51766653
0.720000000000000 1.448915701223160 0.000000000000000E+00 6.53515416
0.740000000000000 1.448179242444200 0.000000000000000E+00 6.55271528
0.760000000000000 1.447458140901910 0.000000000000000E+00 6.57035224
0.780000000000000 1.446749779923610 0.000000000000000E+00 6.58806737
0.800000000000000 1.446051881305830 0.000000000000000E+00 6.60586296
0.820000000000000 1.445362454632260 0.000000000000000E+00 6.62374125
0.840000000000000 1.444679755253230 0.000000000000000E+00 6.64170447
0.860000000000000 1.444002249269950 0.000000000000000E+00 6.65975481
0.880000000000000 1.443328584213500 0.000000000000000E+00 6.67789445
0.900000000000000 1.442657564384030 0.000000000000000E+00 6.69612557
0.920000000000000 1.441988130016210 0.000000000000000E+00 6.71445033
0.940000000000000 1.441319339607980 0.000000000000000E+00 6.73287086
0.960000000000001 1.440650354872540 0.000000000000000E+00 6.75138930
0.980000000000001 1.439980427876840 0.000000000000000E+00 6.77000781
1.000000000000000 1.439308890010070 0.000000000000000E+00 6.78872851
1.020000000000000 1.438635142489930 0.000000000000000E+00 6.80755353
1.040000000000000 1.437958648165830 0.000000000000000E+00 6.82648503
1.060000000000000 1.437278924420020 0.000000000000000E+00 6.84552514
1.080000000000000 1.436595537001560 0.000000000000000E+00 6.86467600
1.100000000000000 1.435908094655280 0.000000000000000E+00 6.88393978
1.120000000000000 1.435216244430650 0.000000000000000E+00 6.90331863
1.140000000000000 1.434519667573830 0.000000000000000E+00 6.92281474
1.160000000000000 1.433818075921310 0.000000000000000E+00 6.94243029
1.180000000000000 1.433111208726450 0.000000000000000E+00 6.96216746
1.200000000000000 1.432398829860430 0.000000000000000E+00 6.98202849
1.220000000000000 1.431680725337950 0.000000000000000E+00 7.00201559
1.240000000000000 1.430956701125410 0.000000000000000E+00 7.02213101
1.260000000000000 1.430226581195190 0.000000000000000E+00 7.04237701
1.280000000000000 1.429490205795190 0.000000000000000E+00 7.06275587
1.300000000000000 1.428747429906590 0.000000000000000E+00 7.08326989
1.320000000000000 1.427998121867130 0.000000000000000E+00 7.10392140
1.340000000000000 1.427242162139730 0.000000000000000E+00 7.12471274
1.360000000000000 1.426479442209370 0.000000000000000E+00 7.14564629
1.380000000000000 1.425709863593100 0.000000000000000E+00 7.16672443
1.400000000000000 1.424933336950370 0.000000000000000E+00 7.18794959
1.420000000000000 1.424149781282020 0.000000000000000E+00 7.20932421
1.440000000000000 1.423359123208270 0.000000000000000E+00 7.23085078
1.460000000000000 1.422561296316810 0.000000000000000E+00 7.25253180
1.480000000000000 1.421756240573470 0.000000000000000E+00 7.27436981
1.500000000000000 1.420943901788730 0.000000000000000E+00 7.29636738
1.520000000000000 1.420124231134140 0.000000000000000E+00 7.31852711
1.540000000000000 1.419297184703450 0.000000000000000E+00 7.34085165
1.560000000000000 1.418462723113840 0.000000000000000E+00 7.36334366
1.580000000000000 1.417620811143170 0.000000000000000E+00 7.38600586
1.600000000000000 1.416771417399680 0.000000000000000E+00 7.40884099
1.620000000000000 1.415914514020780 0.000000000000000E+00 7.43185185
1.640000000000000 1.415050076398260 0.000000000000000E+00 7.45504127
1.660000000000000 1.414178082927260 0.000000000000000E+00 7.47841212
1.680000000000000 1.413298514776700 0.000000000000000E+00 7.50196731
1.700000000000000 1.412411355679300 0.000000000000000E+00 7.52570980
1.720000000000000 1.411516591739140 0.000000000000000E+00 7.54964261
1.740000000000000 1.410614211255310 0.000000000000000E+00 7.57376878
1.760000000000000 1.409704204560200 0.000000000000000E+00 7.59809141
1.780000000000000 1.408786563870910 0.000000000000000E+00 7.62261367
1.800000000000000 1.407861283152880 0.000000000000000E+00 7.64733874
1.820000000000000 1.406928357994430 0.000000000000000E+00 7.67226990
1.840000000000000 1.405987785491470 0.000000000000000E+00 7.69741045
1.860000000000000 1.405039564141330 0.000000000000000E+00 7.72276376
1.880000000000000 1.404083693744980 0.000000000000000E+00 7.74833325
1.900000000000000 1.403120175317070 0.000000000000000E+00 7.77412241
1.920000000000000 1.402149011002930 0.000000000000000E+00 7.80013478
1.940000000000000 1.401170204002110 0.000000000000000E+00 7.82637397
1.960000000000000 1.400183758497850 0.000000000000000E+00 7.85284365
1.980000000000000 1.399189679592070 0.000000000000000E+00 7.87954756
2.000000000000000 1.398187973245340 0.000000000000000E+00 7.90648949
