0.200000000000000 1.550217371949880 0.000000000000000E+00      9.69801871
0.220000000000000 1.528099546124360 0.000000000000000E+00      9.72084097
0.240000000000000 1.512904363701710 0.000000000000000E+00      9.74301718
0.260000000000000 1.501889053696040 0.000000000000000E+00      9.76477221
0.280000000000000 1.493582687490680 0.000000000000000E+00      9.78624093
0.300000000000000 1.487124586615520 0.000000000000000E+00      9.80751043
0.320000000000000 1.481977936761150 0.000000000000000E+00      9.82864008
0.340000000000000 1.477791098283490 0.000000000000000E+00      9.84967205
0.360000000000000 1.474324578444710 0.000000000000000E+00      9.87063734
0.380000000000000 1.471409993780680 0.000000000000000E+00      9.89155937
0.400000000000000 1.468925775026000 0.000000000000000E+00      9.91245624
0.420000000000000 1.466782154864160 0.000000000000000E+00      9.93334226
0.440000000000000 1.464911553128660 0.000000000000000E+00      9.95422891
0.460000000000000 1.463262228175020 0.000000000000000E+00      9.97512558
0.480000000000000 1.461793973182250 0.000000000000000E+00      9.99604007
0.500000000000000 1.460475130998700 0.000000000000000E+00    10.01697897
0.520000000000000 1.459280481299210 0.000000000000000E+00    10.03794789
0.540000000000000 1.458189718065500 0.000000000000000E+00    10.05895170
0.560000000000000 1.457186334689500 0.000000000000000E+00    10.07999469
0.580000000000000 1.456256795668310 0.000000000000000E+00    10.10108065
0.600000000000000 1.455389913101630 0.000000000000000E+00    10.12221301
0.620000000000000 1.454576371714610 0.000000000000000E+00    10.14339490
0.640000000000000 1.453808363053690 0.000000000000000E+00    10.16462920
0.660000000000000 1.453079300919310 0.000000000000000E+00    10.18591856
0.680000000000000 1.452383597936580 0.000000000000000E+00    10.20726552
0.700000000000000 1.451716488619130 0.000000000000000E+00    10.22867244
0.720000000000000 1.451073888132730 0.000000000000000E+00    10.25014159
0.740000000000000 1.450452278717280 0.000000000000000E+00    10.27167515
0.760000000000000 1.449848617717270 0.000000000000000E+00    10.29327524
0.780000000000000 1.449260262625770 0.000000000000000E+00    10.31494389
0.800000000000000 1.448684909622780 0.000000000000000E+00    10.33668312
0.820000000000001 1.448120542889660 0.000000000000000E+00    10.35849486
0.840000000000001 1.447565392585110 0.000000000000000E+00    10.38038106
0.860000000000001 1.447017899825030 0.000000000000000E+00    10.40234361
0.880000000000001 1.446476687358650 0.000000000000000E+00    10.42438439
0.900000000000001 1.445940534902470 0.000000000000000E+00    10.44650526
0.920000000000001 1.445408358302350 0.000000000000000E+00    10.46870806
0.940000000000000 1.444879191857920 0.000000000000000E+00    10.49099464
0.960000000000001 1.444352173270620 0.000000000000000E+00    10.51336682
0.980000000000001 1.443826530776770 0.000000000000000E+00    10.53582644
1.000000000000000 1.443301572113200 0.000000000000000E+00    10.55837530
1.020000000000000 1.442776675018320 0.000000000000000E+00    10.58101522
1.040000000000000 1.442251279030950 0.000000000000000E+00    10.60374803
1.060000000000000 1.441724878387270 0.000000000000000E+00    10.62657555
1.080000000000000 1.441197015850110 0.000000000000000E+00    10.64949959
1.100000000000000 1.440667277333490 0.000000000000000E+00    10.67252198
1.120000000000000 1.440135287207100 0.000000000000000E+00    10.69564454
1.140000000000000 1.439600704183490 0.000000000000000E+00    10.71886912
1.160000000000000 1.439063217707430 0.000000000000000E+00    10.74219756
1.180000000000000 1.438522544777760 0.000000000000000E+00    10.76563169
1.200000000000000 1.437978427143740 0.000000000000000E+00    10.78917337
1.220000000000000 1.437430628826030 0.000000000000000E+00    10.81282448
1.240000000000000 1.436878933920360 0.000000000000000E+00    10.83658687
1.260000000000000 1.436323144647060 0.000000000000000E+00    10.86046243
1.280000000000000 1.435763079615860 0.000000000000000E+00    10.88445306
1.300000000000000 1.435198572279060 0.000000000000000E+00    10.90856065
1.320000000000000 1.434629469549950 0.000000000000000E+00    10.93278713
1.340000000000000 1.434055630566750 0.000000000000000E+00    10.95713443
1.360000000000000 1.433476925584610 0.000000000000000E+00    10.98160448
1.380000000000000 1.432893234981020 0.000000000000000E+00    11.00619925
1.400000000000000 1.432304448361110 0.000000000000000E+00    11.03092070
1.420000000000000 1.431710463751930 0.000000000000000E+00    11.05577082
1.440000000000000 1.431111186875540 0.000000000000000E+00    11.08075162
1.460000000000000 1.430506530492190 0.000000000000000E+00    11.10586512
1.480000000000000 1.429896413806180 0.000000000000000E+00    11.13111336
1.500000000000000 1.429280761927360 0.000000000000000E+00    11.15649838
1.520000000000000 1.428659505382620 0.000000000000000E+00    11.18202228
1.540000000000000 1.428032579672080 0.000000000000000E+00    11.20768714
1.560000000000000 1.427399924865340 0.000000000000000E+00    11.23349507
1.580000000000000 1.426761485233670 0.000000000000000E+00    11.25944823
1.600000000000000 1.426117208914690 0.000000000000000E+00    11.28554876
1.620000000000000 1.425467047606160 0.000000000000000E+00    11.31179885
1.640000000000000 1.424810956286020 0.000000000000000E+00    11.33820071
1.660000000000000 1.424148892956290 0.000000000000000E+00    11.36475657
1.680000000000000 1.423480818408410 0.000000000000000E+00    11.39146867
1.700000000000000 1.422806696008000 0.000000000000000E+00    11.41833932
1.720000000000000 1.422126491497320 0.000000000000000E+00    11.44537080
1.740000000000000 1.421440172813700 0.000000000000000E+00    11.47256546
1.760000000000000 1.420747709922530 0.000000000000000E+00    11.49992566
1.780000000000000 1.420049074663460 0.000000000000000E+00    11.52745380
1.800000000000000 1.419344240608690 0.000000000000000E+00    11.55515230
1.820000000000000 1.418633182932220 0.000000000000000E+00    11.58302362
1.840000000000000 1.417915878289160 0.000000000000000E+00    11.61107024
1.860000000000000 1.417192304704170 0.000000000000000E+00    11.63929468
1.880000000000000 1.416462441468300 0.000000000000000E+00    11.66769949
1.900000000000000 1.415726269043500 0.000000000000000E+00    11.69628727
1.920000000000000 1.414983768974160 0.000000000000000E+00    11.72506063
1.940000000000000 1.414234923805140 0.000000000000000E+00    11.75402223
1.960000000000000 1.413479717005600 0.000000000000000E+00    11.78317478
1.980000000000000 1.412718132898450 0.000000000000000E+00    11.81252101
2.000000000000000 1.411950156594650 0.000000000000000E+00    11.84206369
