0.200000000000000 1.549592563239930 0.000000000000000E+00 3.06250332
0.220000000000000 1.527336349996430 0.000000000000000E+00 3.07551363
0.240000000000000 1.511991329443800 0.000000000000000E+00 3.08818755
0.260000000000000 1.500814649699220 0.000000000000000E+00 3.10065127
0.280000000000000 1.492335406592570 0.000000000000000E+00 3.11298065
0.300000000000000 1.485692995861260 0.000000000000000E+00 3.12522494
0.320000000000000 1.480350702937610 0.000000000000000E+00 3.13741798
0.340000000000000 1.475957001708430 0.000000000000000E+00 3.14958417
0.360000000000000 1.472272520588270 0.000000000000000E+00 3.16174177
0.380000000000000 1.469129001441450 0.000000000000000E+00 3.17390493
0.400000000000000 1.466405002486280 0.000000000000000E+00 3.18608498
0.420000000000000 1.464010884812190 0.000000000000000E+00 3.19829121
0.440000000000000 1.461879196806460 0.000000000000000E+00 3.21053143
0.460000000000000 1.459958325028090 0.000000000000000E+00 3.22281238
0.480000000000000 1.458208190181760 0.000000000000000E+00 3.23513996
0.500000000000000 1.456597261749140 0.000000000000000E+00 3.24751946
0.520000000000000 1.455100445003530 0.000000000000000E+00 3.25995566
0.540000000000000 1.453697558396680 0.000000000000000E+00 3.27245297
0.560000000000000 1.452372218602930 0.000000000000000E+00 3.28501547
0.580000000000000 1.451111012178820 0.000000000000000E+00 3.29764703
0.600000000000000 1.449902872041050 0.000000000000000E+00 3.31035129
0.620000000000000 1.448738602483470 0.000000000000000E+00 3.32313173
0.640000000000000 1.447610513374830 0.000000000000000E+00 3.33599172
0.660000000000000 1.446512135600590 0.000000000000000E+00 3.34893450
0.680000000000000 1.445437997647320 0.000000000000000E+00 3.36196321
0.700000000000000 1.444383448684500 0.000000000000000E+00 3.37508095
0.720000000000000 1.443344517348350 0.000000000000000E+00 3.38829073
0.740000000000000 1.442317798186760 0.000000000000000E+00 3.40159552
0.760000000000000 1.441300359714300 0.000000000000000E+00 3.41499826
0.780000000000000 1.440289669482020 0.000000000000000E+00 3.42850185
0.800000000000000 1.439283532642740 0.000000000000000E+00 3.44210916
0.820000000000000 1.438280041293490 0.000000000000000E+00 3.45582306
0.840000000000000 1.437277532479920 0.000000000000000E+00 3.46964640
0.860000000000000 1.436274553205350 0.000000000000000E+00 3.48358204
0.880000000000000 1.435269831136550 0.000000000000000E+00 3.49763282
0.900000000000000 1.434262249967630 0.000000000000000E+00 3.51180160
0.920000000000000 1.433250828612630 0.000000000000000E+00 3.52609124
0.940000000000000 1.432234703560320 0.000000000000000E+00 3.54050463
0.960000000000001 1.431213113852740 0.000000000000000E+00 3.55504466
0.980000000000001 1.430185388250470 0.000000000000000E+00 3.56971424
1.000000000000000 1.429150934228030 0.000000000000000E+00 3.58451633
1.020000000000000 1.428109228506980 0.000000000000000E+00 3.59945388
1.040000000000000 1.427059808886080 0.000000000000000E+00 3.61452991
1.060000000000000 1.426002267169530 0.000000000000000E+00 3.62974744
1.080000000000000 1.424936243027980 0.000000000000000E+00 3.64510955
1.100000000000000 1.423861418654600 0.000000000000000E+00 3.66061934
1.120000000000000 1.422777514101100 0.000000000000000E+00 3.67627997
1.140000000000000 1.421684283196860 0.000000000000000E+00 3.69209465
1.160000000000000 1.420581509969740 0.000000000000000E+00 3.70806660
1.180000000000000 1.419469005499730 0.000000000000000E+00 3.72419914
1.200000000000000 1.418346605146980 0.000000000000000E+00 3.74049561
1.220000000000000 1.417214166104600 0.000000000000000E+00 3.75695942
1.240000000000000 1.416071565233870 0.000000000000000E+00 3.77359402
1.260000000000000 1.414918697145560 0.000000000000000E+00 3.79040295
1.280000000000000 1.413755472496400 0.000000000000000E+00 3.80738980
1.300000000000000 1.412581816473820 0.000000000000000E+00 3.82455820
1.320000000000000 1.411397667446090 0.000000000000000E+00 3.84191190
1.340000000000000 1.410202975757820 0.000000000000000E+00 3.85945469
1.360000000000000 1.408997702653590 0.000000000000000E+00 3.87719042
1.380000000000000 1.407781819314740 0.000000000000000E+00 3.89512305
1.400000000000000 1.406555305996360 0.000000000000000E+00 3.91325661
1.420000000000000 1.405318151252960 0.000000000000000E+00 3.93159519
1.440000000000000 1.404070351243040 0.000000000000000E+00 3.95014299
1.460000000000000 1.402811909103680 0.000000000000000E+00 3.96890430
1.480000000000000 1.401542834387770 0.000000000000000E+00 3.98788347
1.500000000000000 1.400263142556910 0.000000000000000E+00 4.00708497
1.520000000000000 1.398972854524200 0.000000000000000E+00 4.02651337
1.540000000000000 1.397671996241780 0.000000000000000E+00 4.04617333
1.560000000000000 1.396360598328300 0.000000000000000E+00 4.06606960
1.580000000000000 1.395038695732480 0.000000000000000E+00 4.08620705
1.600000000000000 1.393706327428950 0.000000000000000E+00 4.10659067
1.620000000000000 1.392363536143280 0.000000000000000E+00 4.12722554
1.640000000000000 1.391010368103340 0.000000000000000E+00 4.14811688
1.660000000000000 1.389646872814310 0.000000000000000E+00 4.16927000
1.680000000000000 1.388273102855270 0.000000000000000E+00 4.19069035
1.700000000000000 1.386889113695190 0.000000000000000E+00 4.21238352
1.720000000000000 1.385494963526590 0.000000000000000E+00 4.23435521
1.740000000000000 1.384090713115160 0.000000000000000E+00 4.25661126
1.760000000000000 1.382676425664000 0.000000000000000E+00 4.27915765
1.780000000000000 1.381252166691050 0.000000000000000E+00 4.30200050
1.800000000000000 1.379818003918620 0.000000000000000E+00 4.32514608
1.820000000000000 1.378374007173920 0.000000000000000E+00 4.34860081
1.840000000000000 1.376920248299600 0.000000000000000E+00 4.37237127
1.860000000000000 1.375456801073530 0.000000000000000E+00 4.39646420
1.880000000000000 1.373983741136930 0.000000000000000E+00 4.42088649
1.900000000000000 1.372501145930260 0.000000000000000E+00 4.44564522
1.920000000000000 1.371009094636040 0.000000000000000E+00 4.47074763
1.940000000000000 1.369507668128290 0.000000000000000E+00 4.49620116
1.960000000000000 1.367996948927790 0.000000000000000E+00 4.52201341
1.980000000000000 1.366477021162850 0.000000000000000E+00 4.54819219
2.000000000000000 1.364947970535100 0.000000000000000E+00 4.57474550
