0.200000000000000 1.550328756504100 0.000000000000000E+00    15.80705921
0.220000000000000 1.528235846209500 0.000000000000000E+00    15.83608145
0.240000000000000 1.513067706848070 0.000000000000000E+00    15.86426169
0.260000000000000 1.502081591175770 0.000000000000000E+00    15.89188742
0.280000000000000 1.493806575386550 0.000000000000000E+00    15.91913113
0.300000000000000 1.487381976773260 0.000000000000000E+00    15.94610413
0.320000000000000 1.482270972054310 0.000000000000000E+00    15.97288232
0.340000000000000 1.478121909972050 0.000000000000000E+00    15.99951959
0.360000000000000 1.474695284635600 0.000000000000000E+00    16.02605552
0.380000000000000 1.471822698506010 0.000000000000000E+00    16.05251998
0.400000000000000 1.469382567685250 0.000000000000000E+00    16.07893600
0.420000000000000 1.467285109890280 0.000000000000000E+00    16.10532175
0.440000000000000 1.465462729796270 0.000000000000000E+00    16.13169174
0.460000000000000 1.463863670501440 0.000000000000000E+00    16.15805780
0.480000000000000 1.462447709890910 0.000000000000000E+00    16.18442966
0.500000000000000 1.461183175524860 0.000000000000000E+00    16.21081545
0.520000000000000 1.460044831825080 0.000000000000000E+00    16.23722205
0.540000000000000 1.459012357575720 0.000000000000000E+00    16.26365533
0.560000000000000 1.458069231041490 0.000000000000000E+00    16.29012036
0.580000000000000 1.457201901672810 0.000000000000000E+00    16.31662158
0.600000000000000 1.456399166609690 0.000000000000000E+00    16.34316290
0.620000000000000 1.455651695710920 0.000000000000000E+00    16.36974779
0.640000000000000 1.454951665752310 0.000000000000000E+00    16.39637941
0.660000000000000 1.454292475862140 0.000000000000000E+00    16.42306058
0.680000000000000 1.453668524093060 0.000000000000000E+00    16.44979394
0.700000000000000 1.453075030486720 0.000000000000000E+00    16.47658189
0.720000000000000 1.452507895837540 0.000000000000000E+00    16.50342669
0.740000000000000 1.451963588114540 0.000000000000000E+00    16.53033046
0.760000000000000 1.451439050491300 0.000000000000000E+00    16.55729522
0.780000000000000 1.450931626389270 0.000000000000000E+00    16.58432288
0.800000000000000 1.450438998015070 0.000000000000000E+00    16.61141529
0.820000000000001 1.449959135674080 0.000000000000000E+00    16.63857423
0.840000000000001 1.449490255744980 0.000000000000000E+00    16.66580143
0.860000000000001 1.449030785658930 0.000000000000000E+00    16.69309859
0.880000000000001 1.448579334573300 0.000000000000000E+00    16.72046735
0.900000000000001 1.448134668705260 0.000000000000000E+00    16.74790934
0.920000000000001 1.447695690492070 0.000000000000000E+00    16.77542618
0.940000000000000 1.447261420913890 0.000000000000000E+00    16.80301946
0.960000000000001 1.446830984439820 0.000000000000000E+00    16.83069076
0.980000000000001 1.446403596161210 0.000000000000000E+00    16.85844164
1.000000000000000 1.445978550753120 0.000000000000000E+00    16.88627367
1.020000000000000 1.445555212976270 0.000000000000000E+00    16.91418842
1.040000000000000 1.445133009472690 0.000000000000000E+00    16.94218745
1.060000000000000 1.444711421661580 0.000000000000000E+00    16.97027231
1.080000000000000 1.444289979567050 0.000000000000000E+00    16.99844456
1.100000000000000 1.443868256440890 0.000000000000000E+00    17.02670579
1.120000000000000 1.443445864065320 0.000000000000000E+00    17.05505755
1.140000000000000 1.443022448638760 0.000000000000000E+00    17.08350142
1.160000000000000 1.442597687163520 0.000000000000000E+00    17.11203898
1.180000000000000 1.442171284265480 0.000000000000000E+00    17.14067184
1.200000000000000 1.441742969389470 0.000000000000000E+00    17.16940157
1.220000000000000 1.441312494318130 0.000000000000000E+00    17.19822980
1.240000000000000 1.440879630973830 0.000000000000000E+00    17.22715813
1.260000000000000 1.440444169466710 0.000000000000000E+00    17.25618820
1.280000000000000 1.440005916357830 0.000000000000000E+00    17.28532163
1.300000000000000 1.439564693110170 0.000000000000000E+00    17.31456007
1.320000000000000 1.439120334705770 0.000000000000000E+00    17.34390519
1.340000000000000 1.438672688407660 0.000000000000000E+00    17.37335864
1.360000000000000 1.438221612650380 0.000000000000000E+00    17.40292211
1.380000000000000 1.437766976043300 0.000000000000000E+00    17.43259729
1.400000000000000 1.437308656474260 0.000000000000000E+00    17.46238588
1.420000000000000 1.436846540302040 0.000000000000000E+00    17.49228960
1.440000000000000 1.436380521627910 0.000000000000000E+00    17.52231019
1.460000000000000 1.435910501636680 0.000000000000000E+00    17.55244938
1.480000000000000 1.435436388000810 0.000000000000000E+00    17.58270893
1.500000000000000 1.434958094340170 0.000000000000000E+00    17.61309062
1.520000000000000 1.434475539731650 0.000000000000000E+00    17.64359623
1.540000000000000 1.433988648263500 0.000000000000000E+00    17.67422756
1.560000000000000 1.433497348629600 0.000000000000000E+00    17.70498644
1.580000000000000 1.433001573759960 0.000000000000000E+00    17.73587468
1.600000000000000 1.432501260483360 0.000000000000000E+00    17.76689416
1.620000000000000 1.431996349219290 0.000000000000000E+00    17.79804672
1.640000000000000 1.431486783696000 0.000000000000000E+00    17.82933426
1.660000000000000 1.430972510692640 0.000000000000000E+00    17.86075868
1.680000000000000 1.430453479802340 0.000000000000000E+00    17.89232189
1.700000000000000 1.429929643215280 0.000000000000000E+00    17.92402584
1.720000000000000 1.429400955519050 0.000000000000000E+00    17.95587247
1.740000000000000 1.428867373515020 0.000000000000000E+00    17.98786378
1.760000000000000 1.428328856049420 0.000000000000000E+00    18.02000175
1.780000000000000 1.427785363857430 0.000000000000000E+00    18.05228841
1.800000000000000 1.427236859419430 0.000000000000000E+00    18.08472579
1.820000000000000 1.426683306828170 0.000000000000000E+00    18.11731596
1.840000000000000 1.426124671665990 0.000000000000000E+00    18.15006099
1.860000000000000 1.425560920891130 0.000000000000000E+00    18.18296299
1.880000000000000 1.424992022732470 0.000000000000000E+00    18.21602410
1.900000000000000 1.424417946591830 0.000000000000000E+00    18.24924646
1.920000000000000 1.423838662953390 0.000000000000000E+00    18.28263226
1.940000000000000 1.423254143299430 0.000000000000000E+00    18.31618370
1.960000000000000 1.422664360032090 0.000000000000000E+00    18.34990300
1.980000000000000 1.422069286400390 0.000000000000000E+00    18.38379243
2.000000000000000 1.421468896432400 0.000000000000000E+00    18.41785426
