0.200000000000000 1.550386130665890 0.000000000000000E+00    23.40114165
0.220000000000000 1.528306097573420 0.000000000000000E+00    23.43637133
0.240000000000000 1.513151946697130 0.000000000000000E+00    23.47056275
0.260000000000000 1.502180944751580 0.000000000000000E+00    23.50406610
0.280000000000000 1.493922172121860 0.000000000000000E+00    23.53709149
0.300000000000000 1.487514945610600 0.000000000000000E+00    23.56977458
0.320000000000000 1.482422438984380 0.000000000000000E+00    23.60220778
0.340000000000000 1.478292996650270 0.000000000000000E+00    23.63445678
0.360000000000000 1.474887107566330 0.000000000000000E+00    23.66656976
0.380000000000000 1.472036368545110 0.000000000000000E+00    23.69858310
0.400000000000000 1.469619189730670 0.000000000000000E+00    23.73052485
0.420000000000000 1.467545782688000 0.000000000000000E+00    23.76241708
0.440000000000000 1.465748545820200 0.000000000000000E+00    23.79427744
0.460000000000000 1.464175715881320 0.000000000000000E+00    23.82612028
0.480000000000000 1.462787064372740 0.000000000000000E+00    23.85795740
0.500000000000000 1.461550912453540 0.000000000000000E+00    23.88979862
0.520000000000000 1.460442018142540 0.000000000000000E+00    23.92165223
0.540000000000000 1.459440053830200 0.000000000000000E+00    23.95352527
0.560000000000000 1.458528491404210 0.000000000000000E+00    23.98542381
0.580000000000000 1.457693773960690 0.000000000000000E+00    24.01735310
0.600000000000000 1.456924692312210 0.000000000000000E+00    24.04931773
0.620000000000000 1.456211910019350 0.000000000000000E+00    24.08132179
0.640000000000000 1.455547597591680 0.000000000000000E+00    24.11336887
0.660000000000000 1.454925147924600 0.000000000000000E+00    24.14546224
0.680000000000000 1.454338952871850 0.000000000000000E+00    24.17760483
0.700000000000000 1.453784226311360 0.000000000000000E+00    24.20979932
0.720000000000000 1.453256862909370 0.000000000000000E+00    24.24204818
0.740000000000000 1.452753324542140 0.000000000000000E+00    24.27435369
0.760000000000000 1.452270548326360 0.000000000000000E+00    24.30671799
0.780000000000000 1.451805871662290 0.000000000000000E+00    24.33914307
0.800000000000000 1.451356970770900 0.000000000000000E+00    24.37163082
0.820000000000001 1.450921810007220 0.000000000000000E+00    24.40418306
0.840000000000001 1.450498599834790 0.000000000000000E+00    24.43680149
0.860000000000001 1.450085761803720 0.000000000000000E+00    24.46948779
0.880000000000001 1.449681899225560 0.000000000000000E+00    24.50224357
0.900000000000001 1.449285772505160 0.000000000000000E+00    24.53507037
0.920000000000001 1.448896278300850 0.000000000000000E+00    24.56796974
0.940000000000000 1.448512431847200 0.000000000000000E+00    24.60094317
0.960000000000001 1.448133351899980 0.000000000000000E+00    24.63399214
0.980000000000001 1.447758247869610 0.000000000000000E+00    24.66711809
1.000000000000000 1.447386408782170 0.000000000000000E+00    24.70032248
1.020000000000000 1.447017193779730 0.000000000000000E+00    24.73360674
1.040000000000000 1.446650023916900 0.000000000000000E+00    24.76697229
1.060000000000000 1.446284375055430 0.000000000000000E+00    24.80042054
1.080000000000000 1.445919771691570 0.000000000000000E+00    24.83395293
1.100000000000000 1.445555781578350 0.000000000000000E+00    24.86757086
1.120000000000000 1.445192011027820 0.000000000000000E+00    24.90127577
1.140000000000000 1.444828100796230 0.000000000000000E+00    24.93506906
1.160000000000000 1.444463722471150 0.000000000000000E+00    24.96895219
1.180000000000000 1.444098575290890 0.000000000000000E+00    25.00292658
1.200000000000000 1.443732383338770 0.000000000000000E+00    25.03699367
1.220000000000000 1.443364893062270 0.000000000000000E+00    25.07115492
1.240000000000000 1.442995871073550 0.000000000000000E+00    25.10541180
1.260000000000000 1.442625102197570 0.000000000000000E+00    25.13976577
1.280000000000000 1.442252387734220 0.000000000000000E+00    25.17421831
1.300000000000000 1.441877543909260 0.000000000000000E+00    25.20877093
1.320000000000000 1.441500400490530 0.000000000000000E+00    25.24342513
1.340000000000000 1.441120799549490 0.000000000000000E+00    25.27818241
1.360000000000000 1.440738594350900 0.000000000000000E+00    25.31304433
1.380000000000000 1.440353648356380 0.000000000000000E+00    25.34801241
1.400000000000000 1.439965834326230 0.000000000000000E+00    25.38308822
1.420000000000000 1.439575033512590 0.000000000000000E+00    25.41827332
1.440000000000000 1.439181134929490 0.000000000000000E+00    25.45356931
1.460000000000000 1.438784034693810 0.000000000000000E+00    25.48897777
1.480000000000000 1.438383635428790 0.000000000000000E+00    25.52450033
1.500000000000000 1.437979845722970 0.000000000000000E+00    25.56013861
1.520000000000000 1.437572579639470 0.000000000000000E+00    25.59589425
1.540000000000000 1.437161756269500 0.000000000000000E+00    25.63176891
1.560000000000000 1.436747299326310 0.000000000000000E+00    25.66776428
1.580000000000000 1.436329136774840 0.000000000000000E+00    25.70388202
1.600000000000000 1.435907200493910 0.000000000000000E+00    25.74012387
1.620000000000000 1.435481425967520 0.000000000000000E+00    25.77649152
1.640000000000000 1.435051752002230 0.000000000000000E+00    25.81298674
1.660000000000000 1.434618120468870 0.000000000000000E+00    25.84961127
1.680000000000000 1.434180476064600 0.000000000000000E+00    25.88636688
1.700000000000000 1.433738766095880 0.000000000000000E+00    25.92325538
1.720000000000000 1.433292940277680 0.000000000000000E+00    25.96027857
1.740000000000000 1.432842950549700 0.000000000000000E+00    25.99743827
1.760000000000000 1.432388750906400 0.000000000000000E+00    26.03473634
1.780000000000000 1.431930297240610 0.000000000000000E+00    26.07217465
1.800000000000000 1.431467547199140 0.000000000000000E+00    26.10975507
1.820000000000000 1.431000460049270 0.000000000000000E+00    26.14747952
1.840000000000000 1.430528996555250 0.000000000000000E+00    26.18534991
1.860000000000000 1.430053118863870 0.000000000000000E+00    26.22336821
1.880000000000000 1.429572790398770 0.000000000000000E+00    26.26153637
1.900000000000000 1.429087975761710 0.000000000000000E+00    26.29985638
1.920000000000000 1.428598640641590 0.000000000000000E+00    26.33833027
1.940000000000000 1.428104751729180 0.000000000000000E+00    26.37696005
1.960000000000000 1.427606276638370 0.000000000000000E+00    26.41574779
1.980000000000000 1.427103183832420 0.000000000000000E+00    26.45469557
2.000000000000000 1.426595442555340 0.000000000000000E+00    26.49380548
