0.200000000000000 1.549421931185730 0.000000000000000E+00 2.58059569
0.220000000000000 1.527128230626530 0.000000000000000E+00 2.59257291
0.240000000000000 1.511742701697720 0.000000000000000E+00 2.60424650
0.260000000000000 1.500522481455480 0.000000000000000E+00 2.61573237
0.280000000000000 1.491996683180470 0.000000000000000E+00 2.62710035
0.300000000000000 1.485304733365800 0.000000000000000E+00 2.63839587
0.320000000000000 1.479909954884120 0.000000000000000E+00 2.64965032
0.340000000000000 1.475460862542700 0.000000000000000E+00 2.66088642
0.360000000000000 1.471718127478730 0.000000000000000E+00 2.67212132
0.380000000000000 1.468513535147940 0.000000000000000E+00 2.68336843
0.400000000000000 1.465725687684230 0.000000000000000E+00 2.69463856
0.420000000000000 1.463264990089260 0.000000000000000E+00 2.70594068
0.440000000000000 1.461064034455180 0.000000000000000E+00 2.71728240
0.460000000000000 1.459071250710000 0.000000000000000E+00 2.72867037
0.480000000000000 1.457246602511790 0.000000000000000E+00 2.74011043
0.500000000000000 1.455558601829010 0.000000000000000E+00 2.75160788
0.520000000000000 1.453982195923380 0.000000000000000E+00 2.76316754
0.540000000000000 1.452497244720850 0.000000000000000E+00 2.77479390
0.560000000000000 1.451087405847140 0.000000000000000E+00 2.78649115
0.580000000000000 1.449739306285970 0.000000000000000E+00 2.79826323
0.600000000000000 1.448441918860160 0.000000000000000E+00 2.81011393
0.620000000000000 1.447186087255180 0.000000000000000E+00 2.82204687
0.640000000000000 1.445964160226010 0.000000000000000E+00 2.83406555
0.660000000000000 1.444769707049580 0.000000000000000E+00 2.84617336
0.680000000000000 1.443597294121720 0.000000000000000E+00 2.85837364
0.700000000000000 1.442442308051930 0.000000000000000E+00 2.87066963
0.720000000000000 1.441300814461600 0.000000000000000E+00 2.88306454
0.740000000000000 1.440169444443610 0.000000000000000E+00 2.89556153
0.760000000000000 1.439045302632470 0.000000000000000E+00 2.90816374
0.780000000000000 1.437925892289920 0.000000000000000E+00 2.92087427
0.800000000000000 1.436809053886090 0.000000000000000E+00 2.93369623
0.820000000000000 1.435692914458090 0.000000000000000E+00 2.94663272
0.840000000000000 1.434575845630820 0.000000000000000E+00 2.95968683
0.860000000000000 1.433456428642520 0.000000000000000E+00 2.97286166
0.880000000000000 1.432333425067100 0.000000000000000E+00 2.98616034
0.900000000000000 1.431205752194790 0.000000000000000E+00 2.99958600
0.920000000000000 1.430072462241430 0.000000000000000E+00 3.01314179
0.940000000000000 1.428932724720010 0.000000000000000E+00 3.02683089
0.960000000000001 1.427785811435990 0.000000000000000E+00 3.04065652
0.980000000000001 1.426631083669370 0.000000000000000E+00 3.05462194
1.000000000000000 1.425467981186790 0.000000000000000E+00 3.06873042
1.020000000000000 1.424296012791390 0.000000000000000E+00 3.08298530
1.040000000000000 1.423114748169620 0.000000000000000E+00 3.09738996
1.060000000000000 1.421923810836100 0.000000000000000E+00 3.11194783
1.080000000000000 1.420722872011190 0.000000000000000E+00 3.12666238
1.100000000000000 1.419511645293620 0.000000000000000E+00 3.14153715
1.120000000000000 1.418289882012840 0.000000000000000E+00 3.15657575
1.140000000000000 1.417057367164560 0.000000000000000E+00 3.17178182
1.160000000000000 1.415813915847840 0.000000000000000E+00 3.18715910
1.180000000000000 1.414559370134850 0.000000000000000E+00 3.20271139
1.200000000000000 1.413293596315070 0.000000000000000E+00 3.21844255
1.220000000000000 1.412016482464040 0.000000000000000E+00 3.23435653
1.240000000000000 1.410727936294450 0.000000000000000E+00 3.25045736
1.260000000000000 1.409427883253360 0.000000000000000E+00 3.26674915
1.280000000000000 1.408116264834260 0.000000000000000E+00 3.28323609
1.300000000000000 1.406793037077530 0.000000000000000E+00 3.29992246
1.320000000000000 1.405458169236010 0.000000000000000E+00 3.31681264
1.340000000000000 1.404111642585960 0.000000000000000E+00 3.33391111
1.360000000000000 1.402753449365990 0.000000000000000E+00 3.35122244
1.380000000000000 1.401383591829100 0.000000000000000E+00 3.36875130
1.400000000000000 1.400002081394720 0.000000000000000E+00 3.38650247
1.420000000000000 1.398608937889530 0.000000000000000E+00 3.40448085
1.440000000000000 1.397204188866790 0.000000000000000E+00 3.42269145
1.460000000000000 1.395787868995980 0.000000000000000E+00 3.44113939
1.480000000000000 1.394360019514590 0.000000000000000E+00 3.45982991
1.500000000000000 1.392920687735800 0.000000000000000E+00 3.47876838
1.520000000000000 1.391469926605800 0.000000000000000E+00 3.49796032
1.540000000000000 1.390007794305790 0.000000000000000E+00 3.51741134
1.560000000000000 1.388534353893900 0.000000000000000E+00 3.53712724
1.580000000000000 1.387049672982990 0.000000000000000E+00 3.55711391
1.600000000000000 1.385553823450760 0.000000000000000E+00 3.57737743
1.620000000000000 1.384046881178910 0.000000000000000E+00 3.59792401
1.640000000000000 1.382528925818470 0.000000000000000E+00 3.61876002
1.660000000000000 1.381000040578890 0.000000000000000E+00 3.63989199
1.680000000000000 1.379460312038370 0.000000000000000E+00 3.66132662
1.700000000000000 1.377909829973690 0.000000000000000E+00 3.68307078
1.720000000000000 1.376348687207490 0.000000000000000E+00 3.70513152
1.740000000000000 1.374776979471480 0.000000000000000E+00 3.72751607
1.760000000000000 1.373194805284120 0.000000000000000E+00 3.75023184
1.780000000000000 1.371602265841390 0.000000000000000E+00 3.77328646
1.800000000000000 1.369999464919560 0.000000000000000E+00 3.79668772
1.820000000000000 1.368386508788740 0.000000000000000E+00 3.82044365
1.840000000000000 1.366763506136430 0.000000000000000E+00 3.84456249
1.860000000000000 1.365130568000060 0.000000000000000E+00 3.86905268
1.880000000000000 1.363487807707750 0.000000000000000E+00 3.89392289
1.900000000000000 1.361835340826610 0.000000000000000E+00 3.91918206
1.920000000000000 1.360173285117930 0.000000000000000E+00 3.94483932
1.940000000000000 1.358501760498540 0.000000000000000E+00 3.97090407
1.960000000000000 1.356820889007990 0.000000000000000E+00 3.99738598
1.980000000000000 1.355130794780880 0.000000000000000E+00 4.02429497
2.000000000000000 1.353431604023940 0.000000000000000E+00 4.05164123
