0.200000000000000 1.550253459082330 0.000000000000000E+00    11.08606544
0.220000000000000 1.528143694723380 0.000000000000000E+00    11.11044099
0.240000000000000 1.512957259211260 0.000000000000000E+00    11.13412149
0.260000000000000 1.501951388823880 0.000000000000000E+00    11.15734744
0.280000000000000 1.493655156079620 0.000000000000000E+00    11.18026312
0.300000000000000 1.487207880718020 0.000000000000000E+00    11.20296167
0.320000000000000 1.482072745111490 0.000000000000000E+00    11.22550655
0.340000000000000 1.477898105448320 0.000000000000000E+00    11.24794289
0.360000000000000 1.474444464330630 0.000000000000000E+00    11.27030381
0.380000000000000 1.471543433341880 0.000000000000000E+00    11.29261433
0.400000000000000 1.469073438089620 0.000000000000000E+00    11.31489379
0.420000000000000 1.466944706028170 0.000000000000000E+00    11.33715741
0.440000000000000 1.465089651705610 0.000000000000000E+00    11.35941745
0.460000000000000 1.463456528165990 0.000000000000000E+00    11.38168387
0.480000000000000 1.462005123270320 0.000000000000000E+00    11.40396494
0.500000000000000 1.460703774556680 0.000000000000000E+00    11.42626760
0.520000000000000 1.459527256406370 0.000000000000000E+00    11.44859777
0.540000000000000 1.458455257531000 0.000000000000000E+00    11.47096052
0.560000000000000 1.457471266080290 0.000000000000000E+00    11.49336032
0.580000000000000 1.456561741340590 0.000000000000000E+00    11.51580110
0.600000000000000 1.455715490234010 0.000000000000000E+00    11.53828638
0.620000000000000 1.454923192342930 0.000000000000000E+00    11.56081933
0.640000000000000 1.454177034107510 0.000000000000000E+00    11.58340288
0.660000000000000 1.453470424258250 0.000000000000000E+00    11.60603971
0.680000000000000 1.452797770387100 0.000000000000000E+00    11.62873234
0.700000000000000 1.452154302011900 0.000000000000000E+00    11.65148312
0.720000000000000 1.451535929339620 0.000000000000000E+00    11.67429430
0.740000000000000 1.450939129688230 0.000000000000000E+00    11.69716802
0.760000000000000 1.450360855516900 0.000000000000000E+00    11.72010635
0.780000000000000 1.449798459469790 0.000000000000000E+00    11.74311127
0.800000000000000 1.449249632913880 0.000000000000000E+00    11.76618473
0.820000000000001 1.448712355252980 0.000000000000000E+00    11.78932862
0.840000000000001 1.448184851903330 0.000000000000000E+00    11.81254481
0.860000000000001 1.447665559272590 0.000000000000000E+00    11.83583512
0.880000000000001 1.447153095436220 0.000000000000000E+00    11.85920137
0.900000000000001 1.446646235470030 0.000000000000000E+00    11.88264533
0.920000000000001 1.446143890612280 0.000000000000000E+00    11.90616880
0.940000000000000 1.445645090587180 0.000000000000000E+00    11.92977352
0.960000000000001 1.445148968552240 0.000000000000000E+00    11.95346126
0.980000000000001 1.444654748231380 0.000000000000000E+00    11.97723377
1.000000000000000 1.444161732879250 0.000000000000000E+00    12.00109278
1.020000000000000 1.443669295782310 0.000000000000000E+00    12.02504005
1.040000000000000 1.443176872056660 0.000000000000000E+00    12.04907731
1.060000000000000 1.442683951543730 0.000000000000000E+00    12.07320632
1.080000000000000 1.442190072640700 0.000000000000000E+00    12.09742881
1.100000000000000 1.441694816922590 0.000000000000000E+00    12.12174653
1.120000000000000 1.441197804447140 0.000000000000000E+00    12.14616124
1.140000000000000 1.440698689641160 0.000000000000000E+00    12.17067470
1.160000000000000 1.440197157689100 0.000000000000000E+00    12.19528867
1.180000000000000 1.439692921354350 0.000000000000000E+00    12.22000492
1.200000000000000 1.439185718174810 0.000000000000000E+00    12.24482522
1.220000000000000 1.438675307983660 0.000000000000000E+00    12.26975138
1.240000000000000 1.438161470711740 0.000000000000000E+00    12.29478517
1.260000000000000 1.437644004436890 0.000000000000000E+00    12.31992841
1.280000000000000 1.437122723647980 0.000000000000000E+00    12.34518291
1.300000000000000 1.436597457697220 0.000000000000000E+00    12.37055049
1.320000000000000 1.436068049418180 0.000000000000000E+00    12.39603299
1.340000000000000 1.435534353888920 0.000000000000000E+00    12.42163226
1.360000000000000 1.434996237323390 0.000000000000000E+00    12.44735015
1.380000000000000 1.434453576076020 0.000000000000000E+00    12.47318853
1.400000000000000 1.433906255746480 0.000000000000000E+00    12.49914931
1.420000000000000 1.433354170373240 0.000000000000000E+00    12.52523436
1.440000000000000 1.432797221705900 0.000000000000000E+00    12.55144561
1.460000000000000 1.432235318547790 0.000000000000000E+00    12.57778499
1.480000000000000 1.431668376161010 0.000000000000000E+00    12.60425445
1.500000000000000 1.431096315727300 0.000000000000000E+00    12.63085593
1.520000000000000 1.430519063858820 0.000000000000000E+00    12.65759144
1.540000000000000 1.429936552153600 0.000000000000000E+00    12.68446295
1.560000000000000 1.429348716791070 0.000000000000000E+00    12.71147249
1.580000000000000 1.428755498163570 0.000000000000000E+00    12.73862209
1.600000000000000 1.428156840540260 0.000000000000000E+00    12.76591380
1.620000000000000 1.427552691760180 0.000000000000000E+00    12.79334970
1.640000000000000 1.426943002951580 0.000000000000000E+00    12.82093188
1.660000000000000 1.426327728275040 0.000000000000000E+00    12.84866246
1.680000000000000 1.425706824688110 0.000000000000000E+00    12.87654358
1.700000000000000 1.425080251729260 0.000000000000000E+00    12.90457740
1.720000000000000 1.424447971319620 0.000000000000000E+00    12.93276611
1.740000000000000 1.423809947580620 0.000000000000000E+00    12.96111191
1.760000000000000 1.423166146666230 0.000000000000000E+00    12.98961704
1.780000000000000 1.422516536608350 0.000000000000000E+00    13.01828376
1.800000000000000 1.421861087174360 0.000000000000000E+00    13.04711436
1.820000000000000 1.421199769735540 0.000000000000000E+00    13.07611116
1.840000000000000 1.420532557145590 0.000000000000000E+00    13.10527649
1.860000000000000 1.419859423628290 0.000000000000000E+00    13.13461274
1.880000000000000 1.419180344673470 0.000000000000000E+00    13.16412229
1.900000000000000 1.418495296940780 0.000000000000000E+00    13.19380759
1.920000000000000 1.417804258170350 0.000000000000000E+00    13.22367110
1.940000000000000 1.417107207099970 0.000000000000000E+00    13.25371532
1.960000000000000 1.416404123388150 0.000000000000000E+00    13.28394277
1.980000000000000 1.415694987542630 0.000000000000000E+00    13.31435602
2.000000000000000 1.414979780853900 0.000000000000000E+00    13.34495766
