0.200000000000000 1.550095740929710 0.000000000000000E+00 6.82022434
0.220000000000000 1.527950810425490 0.000000000000000E+00 6.83943376
0.240000000000000 1.512726236496240 0.000000000000000E+00 6.85811116
0.260000000000000 1.501679226248230 0.000000000000000E+00 6.87644494
0.280000000000000 1.493338849779080 0.000000000000000E+00 6.89454813
0.300000000000000 1.486844437151160 0.000000000000000E+00 6.91249371
0.320000000000000 1.481659187693230 0.000000000000000E+00 6.93033148
0.340000000000000 1.477431478218150 0.000000000000000E+00 6.94809684
0.360000000000000 1.473921834061220 0.000000000000000E+00 6.96581588
0.380000000000000 1.470961890773650 0.000000000000000E+00 6.98350834
0.400000000000000 1.468430098651560 0.000000000000000E+00 7.00118956
0.420000000000000 1.466236710242810 0.000000000000000E+00 7.01887172
0.440000000000000 1.464314165394240 0.000000000000000E+00 7.03656469
0.460000000000000 1.462610742523260 0.000000000000000E+00 7.05427661
0.480000000000000 1.461086254852780 0.000000000000000E+00 7.07201434
0.500000000000000 1.459709065211860 0.000000000000000E+00 7.08978372
0.520000000000000 1.458453973162070 0.000000000000000E+00 7.10758985
0.540000000000000 1.457300692456530 0.000000000000000E+00 7.12543720
0.560000000000000 1.456232736128590 0.000000000000000E+00 7.14332979
0.580000000000000 1.455236588177030 0.000000000000000E+00 7.16127126
0.600000000000000 1.454301080056080 0.000000000000000E+00 7.17926494
0.620000000000000 1.453416915694630 0.000000000000000E+00 7.19731395
0.640000000000000 1.452576305688880 0.000000000000000E+00 7.21542117
0.660000000000000 1.451772682733900 0.000000000000000E+00 7.23358937
0.680000000000000 1.451000478194400 0.000000000000000E+00 7.25182116
0.700000000000000 1.450254945167490 0.000000000000000E+00 7.27011905
0.720000000000000 1.449532017248710 0.000000000000000E+00 7.28848547
0.740000000000000 1.448828194954410 0.000000000000000E+00 7.30692278
0.760000000000000 1.448140453754120 0.000000000000000E+00 7.32543326
0.780000000000000 1.447466169116340 0.000000000000000E+00 7.34401918
0.800000000000000 1.446803055049010 0.000000000000000E+00 7.36268274
0.820000000000000 1.446149113416080 0.000000000000000E+00 7.38142610
0.840000000000000 1.445502591915910 0.000000000000000E+00 7.40025142
0.860000000000000 1.444861949063640 0.000000000000000E+00 7.41916081
0.880000000000000 1.444225824869700 0.000000000000000E+00 7.43815637
0.900000000000000 1.443593016176450 0.000000000000000E+00 7.45724021
0.920000000000000 1.442962455823210 0.000000000000000E+00 7.47641438
0.940000000000000 1.442333194972870 0.000000000000000E+00 7.49568095
0.960000000000001 1.441704388062580 0.000000000000000E+00 7.51504199
0.980000000000001 1.441075279940800 0.000000000000000E+00 7.53449955
1.000000000000000 1.440445194834220 0.000000000000000E+00 7.55405567
1.020000000000000 1.439813526852630 0.000000000000000E+00 7.57371241
1.040000000000000 1.439179731790270 0.000000000000000E+00 7.59347183
1.060000000000000 1.438543320025750 0.000000000000000E+00 7.61333597
1.080000000000000 1.437903850354260 0.000000000000000E+00 7.63330688
1.100000000000000 1.437260924614930 0.000000000000000E+00 7.65338665
1.120000000000000 1.436614182998370 0.000000000000000E+00 7.67357733
1.140000000000000 1.435963299936830 0.000000000000000E+00 7.69388099
1.160000000000000 1.435307980496430 0.000000000000000E+00 7.71429974
1.180000000000000 1.434647957202050 0.000000000000000E+00 7.73483566
1.200000000000000 1.433982987236670 0.000000000000000E+00 7.75549086
1.220000000000000 1.433312849965480 0.000000000000000E+00 7.77626747
1.240000000000000 1.432637344742390 0.000000000000000E+00 7.79716761
1.260000000000000 1.431956288962750 0.000000000000000E+00 7.81819344
1.280000000000000 1.431269516331180 0.000000000000000E+00 7.83934713
1.300000000000000 1.430576875317790 0.000000000000000E+00 7.86063085
1.320000000000000 1.429878227779740 0.000000000000000E+00 7.88204681
1.340000000000000 1.429173447728220 0.000000000000000E+00 7.90359723
1.360000000000000 1.428462420223680 0.000000000000000E+00 7.92528435
1.380000000000000 1.427745040384230 0.000000000000000E+00 7.94711043
1.400000000000000 1.427021212494210 0.000000000000000E+00 7.96907775
1.420000000000000 1.426290849201590 0.000000000000000E+00 7.99118862
1.440000000000000 1.425553870794230 0.000000000000000E+00 8.01344537
1.460000000000000 1.424810204546310 0.000000000000000E+00 8.03585037
1.480000000000000 1.424059784127320 0.000000000000000E+00 8.05840599
1.500000000000000 1.423302549066870 0.000000000000000E+00 8.08111464
1.520000000000000 1.422538444269360 0.000000000000000E+00 8.10397878
1.540000000000000 1.421767419573490 0.000000000000000E+00 8.12700085
1.560000000000000 1.420989429351710 0.000000000000000E+00 8.15018338
1.580000000000000 1.420204432145820 0.000000000000000E+00 8.17352888
1.600000000000000 1.419412390334840 0.000000000000000E+00 8.19703993
1.620000000000000 1.418613269832170 0.000000000000000E+00 8.22071913
1.640000000000000 1.417807039809050 0.000000000000000E+00 8.24456910
1.660000000000000 1.416993672441730 0.000000000000000E+00 8.26859253
1.680000000000000 1.416173142680220 0.000000000000000E+00 8.29279211
1.700000000000000 1.415345428036480 0.000000000000000E+00 8.31717060
1.720000000000000 1.414510508390310 0.000000000000000E+00 8.34173078
1.740000000000000 1.413668365811160 0.000000000000000E+00 8.36647549
1.760000000000000 1.412818984394640 0.000000000000000E+00 8.39140758
1.780000000000000 1.411962350112220 0.000000000000000E+00 8.41652998
1.800000000000000 1.411098450672970 0.000000000000000E+00 8.44184565
1.820000000000000 1.410227275396390 0.000000000000000E+00 8.46735758
1.840000000000000 1.409348815095250 0.000000000000000E+00 8.49306883
1.860000000000000 1.408463061967590 0.000000000000000E+00 8.51898249
1.880000000000000 1.407570009497200 0.000000000000000E+00 8.54510172
1.900000000000000 1.406669652361740 0.000000000000000E+00 8.57142972
1.920000000000000 1.405761986347930 0.000000000000000E+00 8.59796974
1.940000000000000 1.404847008273230 0.000000000000000E+00 8.62472508
1.960000000000000 1.403924715913440 0.000000000000000E+00 8.65169912
1.980000000000000 1.402995107935810 0.000000000000000E+00 8.67889525
2.000000000000000 1.402058183837160 0.000000000000000E+00 8.70631698
