0.200000000000000 1.547469805655360 0.000000000000000E+00 0.92250049
0.220000000000000 1.524753487599930 0.000000000000000E+00 0.92983575
0.240000000000000 1.508912898091360 0.000000000000000E+00 0.93702014
0.260000000000000 1.497205251767420 0.000000000000000E+00 0.94412522
0.280000000000000 1.488160058177890 0.000000000000000E+00 0.95119536
0.300000000000000 1.480917284467280 0.000000000000000E+00 0.95826054
0.320000000000000 1.474940862921160 0.000000000000000E+00 0.96534243
0.340000000000000 1.469879950141410 0.000000000000000E+00 0.97245759
0.360000000000000 1.465495872581320 0.000000000000000E+00 0.97961922
0.380000000000000 1.461621074217860 0.000000000000000E+00 0.98683830
0.400000000000000 1.458134813064950 0.000000000000000E+00 0.99412421
0.420000000000000 1.454948143989600 0.000000000000000E+00 1.00148525
0.440000000000000 1.451994300997190 0.000000000000000E+00 1.00892885
0.460000000000000 1.449222346905160 0.000000000000000E+00 1.01646190
0.480000000000000 1.446592868707250 0.000000000000000E+00 1.02409082
0.500000000000000 1.444074991970480 0.000000000000000E+00 1.03182172
0.520000000000000 1.441644267865400 0.000000000000000E+00 1.03966046
0.540000000000000 1.439281150736150 0.000000000000000E+00 1.04761277
0.560000000000000 1.436969883441660 0.000000000000000E+00 1.05568426
0.580000000000000 1.434697669391630 0.000000000000000E+00 1.06388048
0.600000000000000 1.432454049456110 0.000000000000000E+00 1.07220697
0.620000000000000 1.430230427452510 0.000000000000000E+00 1.08066929
0.640000000000000 1.428019704840180 0.000000000000000E+00 1.08927302
0.660000000000000 1.425815996677310 0.000000000000000E+00 1.09802382
0.680000000000000 1.423614408732450 0.000000000000000E+00 1.10692744
0.700000000000000 1.421410861100520 0.000000000000000E+00 1.11598974
0.720000000000000 1.419201947525210 0.000000000000000E+00 1.12521669
0.740000000000000 1.416984822383250 0.000000000000000E+00 1.13461442
0.760000000000000 1.414757109277970 0.000000000000000E+00 1.14418922
0.780000000000000 1.412516826645370 0.000000000000000E+00 1.15394755
0.800000000000000 1.410262326851810 0.000000000000000E+00 1.16389607
0.820000000000000 1.407992246064080 0.000000000000000E+00 1.17404162
0.840000000000000 1.405705462776260 0.000000000000000E+00 1.18439129
0.860000000000000 1.403401063334920 0.000000000000000E+00 1.19495240
0.880000000000000 1.401078313154700 0.000000000000000E+00 1.20573250
0.900000000000000 1.398736632585080 0.000000000000000E+00 1.21673941
0.920000000000000 1.396375576598800 0.000000000000000E+00 1.22798126
0.940000000000000 1.393994817634980 0.000000000000000E+00 1.23946642
0.960000000000001 1.391594131058620 0.000000000000000E+00 1.25120363
0.980000000000001 1.389173382799030 0.000000000000000E+00 1.26320190
1.000000000000000 1.386732518810520 0.000000000000000E+00 1.27547061
1.020000000000000 1.384271556062800 0.000000000000000E+00 1.28801950
1.040000000000000 1.381790574820290 0.000000000000000E+00 1.30085869
1.060000000000000 1.379289712010990 0.000000000000000E+00 1.31399867
1.080000000000000 1.376769155519470 0.000000000000000E+00 1.32745038
1.100000000000000 1.374229139266040 0.000000000000000E+00 1.34122516
1.120000000000000 1.371669938956350 0.000000000000000E+00 1.35533483
1.140000000000000 1.369091868404440 0.000000000000000E+00 1.36979167
1.160000000000000 1.366495276347050 0.000000000000000E+00 1.38460846
1.180000000000000 1.363880543679940 0.000000000000000E+00 1.39979852
1.200000000000000 1.361248081056920 1.909583602355270E-13 1.41537567
1.220000000000000 1.358598326801370 3.601390019536410E-13 1.43135436
1.240000000000000 1.355931745086830 6.604196356452260E-13 1.44774959
1.260000000000000 1.353248824349660 1.182340019618110E-12 1.46457699
1.280000000000000 1.350550075901410 2.072706589695270E-12 1.48185287
1.300000000000000 1.347836032713370 3.565555836693160E-12 1.49959418
1.320000000000000 1.345107248348660 6.029954313646610E-12 1.51781860
1.340000000000000 1.342364296020930 1.003774841024100E-11 1.53654455
1.360000000000000 1.339607767760880 1.646876385263950E-11 1.55579124
1.380000000000000 1.336838273674180 2.665540357882360E-11 1.57557864
1.400000000000000 1.334056441276280 4.259480962387490E-11 1.59592762
1.420000000000000 1.331262914891030 6.725109358285410E-11 1.61685987
1.440000000000000 1.328458355101700 1.049733078239970E-10 1.63839804
1.460000000000000 1.325643438243850 1.620820699876900E-10 1.66056571
1.480000000000000 1.322818855930770 2.476742144708060E-10 1.68338744
1.500000000000000 1.319985314603050 3.747226973160880E-10 1.70688886
1.520000000000000 1.317143535094620 5.615638093425800E-10 1.73109664
1.540000000000000 1.314294252208210 8.338865709056620E-10 1.75603857
1.560000000000000 1.311438214293990 1.227389634372850E-09 1.78174361
1.580000000000000 1.308576182825580 1.791273740447960E-09 1.80824195
1.600000000000000 1.305708931968000 2.592815850910310E-09 1.83556499
1.620000000000000 1.302837248132940 3.723314212500380E-09 1.86374547
1.640000000000000 1.299961929516720 5.305742012406970E-09 1.89281747
1.660000000000000 1.297083785617010 7.504543276734550E-09 1.92281650
1.680000000000000 1.294203636724600 1.053806125694830E-08 1.95377952
1.700000000000000 1.291322313386760 1.469423155375790E-08 1.98574501
1.720000000000000 1.288440655839390 2.035016255508280E-08 2.01875304
1.740000000000000 1.285559513404790 2.799659581942390E-08 2.05284533
1.760000000000000 1.282679743852940 3.826792727146260E-08 2.08806529
1.780000000000000 1.279802212723980 5.197921426614020E-08 2.12445813
1.800000000000000 1.276927792609320 7.017096440020690E-08 2.16207089
1.820000000000000 1.274057362390620 9.416359343303310E-08 2.20095255
1.840000000000000 1.271191806433970 1.256225945212020E-07 2.24115407
1.860000000000000 1.268332013738410 1.666364097818730E-07 2.28272852
1.880000000000000 1.265478877037420 2.198084901872120E-07 2.32573111
1.900000000000000 1.262633291851760 2.883659334651510E-07 2.37021932
1.920000000000000 1.259796155493350 3.762860091294230E-07 2.41625300
1.940000000000000 1.256968366018420 4.884432004415020E-07 2.46389441
1.960000000000000 1.254150821129390 6.307784813364140E-07 2.51320841
1.980000000000000 1.251344417024560 8.104926793039980E-07 2.56426250
2.000000000000000 1.248550047194650 1.036266718358600E-06 2.61712695
