0.200000000000000 1.550378711462810 0.000000000000000E+00    22.03233570
0.220000000000000 1.528297011255190 0.000000000000000E+00    22.06653180
0.240000000000000 1.513141048870610 0.000000000000000E+00    22.09972237
0.260000000000000 1.502168089140220 0.000000000000000E+00    22.13224716
0.280000000000000 1.493907211829300 0.000000000000000E+00    22.16430999
0.300000000000000 1.487497733726770 0.000000000000000E+00    22.19604245
0.320000000000000 1.482402828904760 0.000000000000000E+00    22.22753420
0.340000000000000 1.478270842255630 0.000000000000000E+00    22.25884896
0.360000000000000 1.474862263329100 0.000000000000000E+00    22.29003348
0.380000000000000 1.472008689594590 0.000000000000000E+00    22.32112304
0.400000000000000 1.469588531893910 0.000000000000000E+00    22.35214485
0.420000000000000 1.467512002515800 0.000000000000000E+00    22.38312033
0.440000000000000 1.465711500603330 0.000000000000000E+00    22.41406661
0.460000000000000 1.464135263660880 0.000000000000000E+00    22.44499762
0.480000000000000 1.462743063945920 0.000000000000000E+00    22.47592479
0.500000000000000 1.461503223376650 0.000000000000000E+00    22.50685768
0.520000000000000 1.460390500732170 0.000000000000000E+00    22.53780432
0.540000000000000 1.459384569162760 0.000000000000000E+00    22.56877157
0.560000000000000 1.458468901314390 0.000000000000000E+00    22.59976531
0.580000000000000 1.457629941039410 0.000000000000000E+00    22.63079065
0.600000000000000 1.456856479903820 0.000000000000000E+00    22.66185207
0.620000000000000 1.456139182218630 0.000000000000000E+00    22.69295354
0.640000000000000 1.455470219240190 0.000000000000000E+00    22.72409858
0.660000000000000 1.454842984607270 0.000000000000000E+00    22.75529036
0.680000000000000 1.454251870913300 0.000000000000000E+00    22.78653176
0.700000000000000 1.453692092771900 0.000000000000000E+00    22.81782542
0.720000000000000 1.453159545580950 0.000000000000000E+00    22.84917374
0.740000000000000 1.452650691944670 0.000000000000000E+00    22.88057898
0.760000000000000 1.452162469703530 0.000000000000000E+00    22.91204323
0.780000000000000 1.451692216977580 0.000000000000000E+00    22.94356849
0.800000000000000 1.451237610703670 0.000000000000000E+00    22.97515661
0.820000000000001 1.450796615948630 0.000000000000000E+00    23.00680938
0.840000000000001 1.450367443883850 0.000000000000000E+00    23.03852853
0.860000000000001 1.449948516763710 0.000000000000000E+00    23.07031572
0.880000000000001 1.449538438599590 0.000000000000000E+00    23.10217253
0.900000000000001 1.449135970492620 0.000000000000000E+00    23.13410055
0.920000000000001 1.448740009793660 0.000000000000000E+00    23.16610131
0.940000000000000 1.448349572425900 0.000000000000000E+00    23.19817630
0.960000000000001 1.447963777830450 0.000000000000000E+00    23.23032702
0.980000000000001 1.447581836098740 0.000000000000000E+00    23.26255492
1.000000000000000 1.447203036934730 0.000000000000000E+00    23.29486148
1.020000000000000 1.446826740154730 0.000000000000000E+00    23.32724812
1.040000000000000 1.446452367484060 0.000000000000000E+00    23.35971630
1.060000000000000 1.446079395451760 0.000000000000000E+00    23.39226745
1.080000000000000 1.445707349217980 0.000000000000000E+00    23.42490300
1.100000000000000 1.445335797196310 0.000000000000000E+00    23.45762440
1.120000000000000 1.444964346356240 0.000000000000000E+00    23.49043308
1.140000000000000 1.444592638108040 0.000000000000000E+00    23.52333049
1.160000000000000 1.444220344690190 0.000000000000000E+00    23.55631808
1.180000000000000 1.443847165988860 0.000000000000000E+00    23.58939731
1.200000000000000 1.443472826732360 0.000000000000000E+00    23.62256964
1.220000000000000 1.443097074009750 0.000000000000000E+00    23.65583655
1.240000000000000 1.442719675072290 0.000000000000000E+00    23.68919952
1.260000000000000 1.442340415381110 0.000000000000000E+00    23.72266003
1.280000000000000 1.441959096869100 0.000000000000000E+00    23.75621961
1.300000000000000 1.441575536392750 0.000000000000000E+00    23.78987975
1.320000000000000 1.441189564347430 0.000000000000000E+00    23.82364200
1.340000000000000 1.440801023430720 0.000000000000000E+00    23.85750788
1.360000000000000 1.440409767528990 0.000000000000000E+00    23.89147895
1.380000000000000 1.440015660724350 0.000000000000000E+00    23.92555677
1.400000000000000 1.439618576395140 0.000000000000000E+00    23.95974292
1.420000000000000 1.439218396408500 0.000000000000000E+00    23.99403898
1.440000000000000 1.438815010391710 0.000000000000000E+00    24.02844658
1.460000000000000 1.438408315072410 0.000000000000000E+00    24.06296731
1.480000000000000 1.437998213682380 0.000000000000000E+00    24.09760282
1.500000000000000 1.437584615416690 0.000000000000000E+00    24.13235475
1.520000000000000 1.437167434942810 0.000000000000000E+00    24.16722477
1.540000000000000 1.436746591954370 0.000000000000000E+00    24.20221455
1.560000000000000 1.436322010765110 0.000000000000000E+00    24.23732579
1.580000000000000 1.435893619938570 0.000000000000000E+00    24.27256019
1.600000000000000 1.435461351950290 0.000000000000000E+00    24.30791948
1.620000000000000 1.435025142879520 0.000000000000000E+00    24.34340541
1.640000000000000 1.434584932126110 0.000000000000000E+00    24.37901972
1.660000000000000 1.434140662152330 0.000000000000000E+00    24.41476420
1.680000000000000 1.433692278246000 0.000000000000000E+00    24.45064064
1.700000000000000 1.433239728302110 0.000000000000000E+00    24.48665085
1.720000000000000 1.432782962623090 0.000000000000000E+00    24.52279665
1.740000000000000 1.432321933734530 0.000000000000000E+00    24.55907990
1.760000000000000 1.431856596215760 0.000000000000000E+00    24.59550245
1.780000000000000 1.431386906543010 0.000000000000000E+00    24.63206620
1.800000000000000 1.430912822945670 0.000000000000000E+00    24.66877305
1.820000000000000 1.430434305272240 0.000000000000000E+00    24.70562491
1.840000000000000 1.429951314867400 0.000000000000000E+00    24.74262374
1.860000000000000 1.429463814457510 0.000000000000000E+00    24.77977151
1.880000000000000 1.428971768044710 0.000000000000000E+00    24.81707019
1.900000000000000 1.428475140808810 0.000000000000000E+00    24.85452180
1.920000000000000 1.427973899015750 0.000000000000000E+00    24.89212836
1.940000000000000 1.427468009933030 0.000000000000000E+00    24.92989193
1.960000000000000 1.426957441750550 0.000000000000000E+00    24.96781459
1.980000000000000 1.426442163507260 0.000000000000000E+00    25.00589843
2.000000000000000 1.425922145022400 0.000000000000000E+00    25.04414558
