0.200000000000000 1.550351777988410 0.000000000000000E+00    18.17341458
0.220000000000000 1.528264030704030 0.000000000000000E+00    18.20450375
0.240000000000000 1.513101498831590 0.000000000000000E+00    18.23468551
0.260000000000000 1.502121440566360 0.000000000000000E+00    18.26426826
0.280000000000000 1.493852933623630 0.000000000000000E+00    18.29343702
0.300000000000000 1.487435294940850 0.000000000000000E+00    18.32231123
0.320000000000000 1.482331699895200 0.000000000000000E+00    18.35097228
0.340000000000000 1.478190495334520 0.000000000000000E+00    18.37947800
0.360000000000000 1.474772173148010 0.000000000000000E+00    18.40787084
0.380000000000000 1.471908333379040 0.000000000000000E+00    18.43618283
0.400000000000000 1.469477389589620 0.000000000000000E+00    18.46443869
0.420000000000000 1.467389556880650 0.000000000000000E+00    18.49265786
0.440000000000000 1.465577237264930 0.000000000000000E+00    18.52085591
0.460000000000000 1.463988671151030 0.000000000000000E+00    18.54904550
0.480000000000000 1.462583633720310 0.000000000000000E+00    18.57723705
0.500000000000000 1.461330449823910 0.000000000000000E+00    18.60543924
0.520000000000000 1.460203881175480 0.000000000000000E+00    18.63365941
0.540000000000000 1.459183603856470 0.000000000000000E+00    18.66190382
0.560000000000000 1.458253093437060 0.000000000000000E+00    18.69017786
0.580000000000000 1.457398796683830 0.000000000000000E+00    18.71848621
0.600000000000000 1.456609508065470 0.000000000000000E+00    18.74683301
0.620000000000000 1.455875894782420 0.000000000000000E+00    18.77522192
0.640000000000000 1.455190130966730 0.000000000000000E+00    18.80365621
0.660000000000000 1.454545613117470 0.000000000000000E+00    18.83213886
0.680000000000000 1.453936736673420 0.000000000000000E+00    18.86067256
0.700000000000000 1.453358719077780 0.000000000000000E+00    18.88925981
0.720000000000000 1.452807458542110 0.000000000000000E+00    18.91790291
0.740000000000000 1.452279420468250 0.000000000000000E+00    18.94660401
0.760000000000000 1.451771545478250 0.000000000000000E+00    18.97536516
0.780000000000000 1.451281174457660 0.000000000000000E+00    19.00418826
0.800000000000000 1.450805987092870 0.000000000000000E+00    19.03307518
0.820000000000001 1.450343951184250 0.000000000000000E+00    19.06202767
0.840000000000001 1.449893280621030 0.000000000000000E+00    19.09104745
0.860000000000001 1.449452400359530 0.000000000000000E+00    19.12013617
0.880000000000001 1.449019917097970 0.000000000000000E+00    19.14929546
0.900000000000001 1.448594594608690 0.000000000000000E+00    19.17852692
0.920000000000001 1.448175332898730 0.000000000000000E+00    19.20783210
0.940000000000000 1.447761150532580 0.000000000000000E+00    19.23721255
0.960000000000001 1.447351169577730 0.000000000000000E+00    19.26666979
0.980000000000001 1.446944602737680 0.000000000000000E+00    19.29620536
1.000000000000000 1.446540742314090 0.000000000000000E+00    19.32582074
1.020000000000000 1.446138950706730 0.000000000000000E+00    19.35551746
1.040000000000000 1.445738652210770 0.000000000000000E+00    19.38529701
1.060000000000000 1.445339325911310 0.000000000000000E+00    19.41516089
1.080000000000000 1.444940499511240 0.000000000000000E+00    19.44511061
1.100000000000000 1.444541743953680 0.000000000000000E+00    19.47514767
1.120000000000000 1.444142668724580 0.000000000000000E+00    19.50527357
1.140000000000000 1.443742917738220 0.000000000000000E+00    19.53548985
1.160000000000000 1.443342165724470 0.000000000000000E+00    19.56579801
1.180000000000000 1.442940115048770 0.000000000000000E+00    19.59619959
1.200000000000000 1.442536492906530 0.000000000000000E+00    19.62669611
1.220000000000000 1.442131048842470 0.000000000000000E+00    19.65728914
1.240000000000000 1.441723552551450 0.000000000000000E+00    19.68798022
1.260000000000000 1.441313791927510 0.000000000000000E+00    19.71877093
1.280000000000000 1.440901571325340 0.000000000000000E+00    19.74966282
1.300000000000000 1.440486710012230 0.000000000000000E+00    19.78065750
1.320000000000000 1.440069040784160 0.000000000000000E+00    19.81175655
1.340000000000000 1.439648408727960 0.000000000000000E+00    19.84296159
1.360000000000000 1.439224670111260 0.000000000000000E+00    19.87427424
1.380000000000000 1.438797691385730 0.000000000000000E+00    19.90569614
1.400000000000000 1.438367348290640 0.000000000000000E+00    19.93722892
1.420000000000000 1.437933525044750 0.000000000000000E+00    19.96887425
1.440000000000000 1.437496113617620 0.000000000000000E+00    20.00063380
1.460000000000000 1.437055013070600 0.000000000000000E+00    20.03250925
1.480000000000000 1.436610128960790 0.000000000000000E+00    20.06450232
1.500000000000000 1.436161372800040 0.000000000000000E+00    20.09661470
1.520000000000000 1.435708661564800 0.000000000000000E+00    20.12884814
1.540000000000000 1.435251917249920 0.000000000000000E+00    20.16120437
1.560000000000000 1.434791066462820 0.000000000000000E+00    20.19368515
1.580000000000000 1.434326040053610 0.000000000000000E+00    20.22629227
1.600000000000000 1.433856772777460 0.000000000000000E+00    20.25902750
1.620000000000000 1.433383202986300 0.000000000000000E+00    20.29189266
1.640000000000000 1.432905272346720 0.000000000000000E+00    20.32488958
1.660000000000000 1.432422925581480 0.000000000000000E+00    20.35802009
1.680000000000000 1.431936110232750 0.000000000000000E+00    20.39128606
1.700000000000000 1.431444776444610 0.000000000000000E+00    20.42468935
1.720000000000000 1.430948876763180 0.000000000000000E+00    20.45823187
1.740000000000000 1.430448365952800 0.000000000000000E+00    20.49191554
1.760000000000000 1.429943200826660 0.000000000000000E+00    20.52574227
1.780000000000000 1.429433340090760 0.000000000000000E+00    20.55971404
1.800000000000000 1.428918744199810 0.000000000000000E+00    20.59383280
1.820000000000000 1.428399375223970 0.000000000000000E+00    20.62810056
1.840000000000000 1.427875196726010 0.000000000000000E+00    20.66251933
1.860000000000000 1.427346173647110 0.000000000000000E+00    20.69709114
1.880000000000000 1.426812272201400 0.000000000000000E+00    20.73181806
1.900000000000000 1.426273459777910 0.000000000000000E+00    20.76670217
1.920000000000000 1.425729704849680 0.000000000000000E+00    20.80174558
1.940000000000000 1.425180976889190 0.000000000000000E+00    20.83695040
1.960000000000000 1.424627246289780 0.000000000000000E+00    20.87231880
1.980000000000000 1.424068484292360 0.000000000000000E+00    20.90785296
2.000000000000000 1.423504662917250 0.000000000000000E+00    20.94355507
