0.200000000000000 1.550018724446460 0.000000000000000E+00 5.74155735
0.220000000000000 1.527856678605710 0.000000000000000E+00 5.75921356
0.240000000000000 1.512613557969310 0.000000000000000E+00 5.77638676
0.260000000000000 1.501546557577100 0.000000000000000E+00 5.79324973
0.280000000000000 1.493184748489790 0.000000000000000E+00 5.80990613
0.300000000000000 1.486667467916500 0.000000000000000E+00 5.82642294
0.320000000000000 1.481457925531110 0.000000000000000E+00 5.84284586
0.340000000000000 1.477204510241920 0.000000000000000E+00 5.85920744
0.360000000000000 1.473667760468550 0.000000000000000E+00 5.87553168
0.380000000000000 1.470679325409790 0.000000000000000E+00 5.89183681
0.400000000000000 1.468117669322340 0.000000000000000E+00 5.90813704
0.420000000000000 1.465893058874090 0.000000000000000E+00 5.92444371
0.440000000000000 1.463937948094690 0.000000000000000E+00 5.94076605
0.460000000000000 1.462200629584360 0.000000000000000E+00 5.95711173
0.480000000000000 1.460640930707780 0.000000000000000E+00 5.97348727
0.500000000000000 1.459227228365640 0.000000000000000E+00 5.98989828
0.520000000000000 1.457934336103790 0.000000000000000E+00 6.00634968
0.540000000000000 1.456741981558100 0.000000000000000E+00 6.02284584
0.560000000000000 1.455633691535550 0.000000000000000E+00 6.03939073
0.580000000000000 1.454595963693100 0.000000000000000E+00 6.05598797
0.600000000000000 1.453617643024350 0.000000000000000E+00 6.07264090
0.620000000000000 1.452689446876850 0.000000000000000E+00 6.08935267
0.640000000000000 1.451803599143170 0.000000000000000E+00 6.10612624
0.660000000000000 1.450953545693060 0.000000000000000E+00 6.12296442
0.680000000000000 1.450133730943510 0.000000000000000E+00 6.13986991
0.700000000000000 1.449339420923950 0.000000000000000E+00 6.15684533
0.720000000000000 1.448566562041940 0.000000000000000E+00 6.17389320
0.740000000000000 1.447811667508010 0.000000000000000E+00 6.19101597
0.760000000000000 1.447071725369180 0.000000000000000E+00 6.20821606
0.780000000000000 1.446344123556950 0.000000000000000E+00 6.22549581
0.800000000000000 1.445626588429640 0.000000000000000E+00 6.24285755
0.820000000000000 1.444917134091000 0.000000000000000E+00 6.26030357
0.840000000000000 1.444214020370690 0.000000000000000E+00 6.27783613
0.860000000000000 1.443515717809170 0.000000000000000E+00 6.29545747
0.880000000000000 1.442820878338490 0.000000000000000E+00 6.31316981
0.900000000000000 1.442128310620730 0.000000000000000E+00 6.33097536
0.920000000000000 1.441436959215980 0.000000000000000E+00 6.34887632
0.940000000000000 1.440745886911310 0.000000000000000E+00 6.36687489
0.960000000000001 1.440054259673630 0.000000000000000E+00 6.38497324
0.980000000000001 1.439361333789360 0.000000000000000E+00 6.40317356
1.000000000000000 1.438666444833900 0.000000000000000E+00 6.42147803
1.020000000000000 1.437968998178840 0.000000000000000E+00 6.43988883
1.040000000000000 1.437268460795990 0.000000000000000E+00 6.45840816
1.060000000000000 1.436564354159790 0.000000000000000E+00 6.47703820
1.080000000000000 1.435856248082010 0.000000000000000E+00 6.49578115
1.100000000000000 1.435143755341870 0.000000000000000E+00 6.51463922
1.120000000000000 1.434426526995850 0.000000000000000E+00 6.53361463
1.140000000000000 1.433704248270750 0.000000000000000E+00 6.55270960
1.160000000000000 1.432976634958380 0.000000000000000E+00 6.57192638
1.180000000000000 1.432243430243080 0.000000000000000E+00 6.59126722
1.200000000000000 1.431504401903720 0.000000000000000E+00 6.61073439
1.220000000000000 1.430759339840430 0.000000000000000E+00 6.63033019
1.240000000000000 1.430008053883740 0.000000000000000E+00 6.65005692
1.260000000000000 1.429250371850010 0.000000000000000E+00 6.66991691
1.280000000000000 1.428486137811880 0.000000000000000E+00 6.68991250
1.300000000000000 1.427715210557190 0.000000000000000E+00 6.71004607
1.320000000000000 1.426937462213200 0.000000000000000E+00 6.73032002
1.340000000000000 1.426152777016310 0.000000000000000E+00 6.75073675
1.360000000000000 1.425361050209970 0.000000000000000E+00 6.77129873
1.380000000000000 1.424562187055750 0.000000000000000E+00 6.79200841
1.400000000000000 1.423756101944700 0.000000000000000E+00 6.81286831
1.420000000000000 1.422942717597450 0.000000000000000E+00 6.83388095
1.440000000000000 1.422121964343170 0.000000000000000E+00 6.85504890
1.460000000000000 1.421293779468790 0.000000000000000E+00 6.87637476
1.480000000000000 1.420458106630760 0.000000000000000E+00 6.89786115
1.500000000000000 1.419614895322510 0.000000000000000E+00 6.91951075
1.520000000000000 1.418764100392070 0.000000000000000E+00 6.94132624
1.540000000000000 1.417905681604180 0.000000000000000E+00 6.96331037
1.560000000000000 1.417039603242630 0.000000000000000E+00 6.98546592
1.580000000000000 1.416165833748600 0.000000000000000E+00 7.00779570
1.600000000000000 1.415284345391420 0.000000000000000E+00 7.03030257
1.620000000000000 1.414395113968440 0.000000000000000E+00 7.05298945
1.640000000000000 1.413498118531350 0.000000000000000E+00 7.07585927
1.660000000000000 1.412593341136200 0.000000000000000E+00 7.09891502
1.680000000000000 1.411680766614990 0.000000000000000E+00 7.12215974
1.700000000000000 1.410760382366700 0.000000000000000E+00 7.14559653
1.720000000000000 1.409832178166000 0.000000000000000E+00 7.16922852
1.740000000000000 1.408896145988020 0.000000000000000E+00 7.19305890
1.760000000000000 1.407952279847690 0.000000000000000E+00 7.21709091
1.780000000000000 1.407000575652320 0.000000000000000E+00 7.24132784
1.800000000000000 1.406041031066290 0.000000000000000E+00 7.26577305
1.820000000000000 1.405073645386770 0.000000000000000E+00 7.29042995
1.840000000000000 1.404098419429480 0.000000000000000E+00 7.31530200
1.860000000000000 1.403115355423690 0.000000000000000E+00 7.34039274
1.880000000000000 1.402124456915610 0.000000000000000E+00 7.36570574
1.900000000000000 1.401125728679480 0.000000000000000E+00 7.39124468
1.920000000000000 1.400119176635760 0.000000000000000E+00 7.41701326
1.940000000000000 1.399104807775830 0.000000000000000E+00 7.44301527
1.960000000000000 1.398082630092600 0.000000000000000E+00 7.46925458
1.980000000000000 1.397052652516630 0.000000000000000E+00 7.49573510
2.000000000000000 1.396014884857330 0.000000000000000E+00 7.52246084
