0.200000000000000 1.550155827689920 0.000000000000000E+00 7.99168073
0.220000000000000 1.528024274987420 0.000000000000000E+00 8.01243653
0.240000000000000 1.512814204289500 0.000000000000000E+00 8.03261152
0.260000000000000 1.501782833057340 0.000000000000000E+00 8.05240970
0.280000000000000 1.493459231562800 0.000000000000000E+00 8.07195346
0.300000000000000 1.486982725200180 0.000000000000000E+00 8.09132183
0.320000000000000 1.481816506116540 0.000000000000000E+00 8.11056868
0.340000000000000 1.477608942558730 0.000000000000000E+00 8.12973230
0.360000000000000 1.474120550506060 0.000000000000000E+00 8.14884089
0.380000000000000 1.471182955696640 0.000000000000000E+00 8.16791572
0.400000000000000 1.468674598351630 0.000000000000000E+00 8.18697332
0.420000000000000 1.466505720802250 0.000000000000000E+00 8.20602673
0.440000000000000 1.464608752612850 0.000000000000000E+00 8.22508651
0.460000000000000 1.462931961901860 0.000000000000000E+00 8.24416130
0.480000000000000 1.461435151609680 0.000000000000000E+00 8.26325833
0.500000000000000 1.460086674321060 0.000000000000000E+00 8.28238373
0.520000000000000 1.458861319406940 0.000000000000000E+00 8.30154280
0.540000000000000 1.457738790493600 0.000000000000000E+00 8.32074016
0.560000000000000 1.456702590558520 0.000000000000000E+00 8.33997990
0.580000000000000 1.455739193620370 0.000000000000000E+00 8.35926571
0.600000000000000 1.454837421232170 0.000000000000000E+00 8.37860094
0.620000000000000 1.453987967502510 0.000000000000000E+00 8.39798868
0.640000000000000 1.453183033289500 0.000000000000000E+00 8.41743179
0.660000000000000 1.452416041632650 0.000000000000000E+00 8.43693298
0.680000000000000 1.451681414323580 0.000000000000000E+00 8.45649480
0.700000000000000 1.450974394969150 0.000000000000000E+00 8.47611967
0.720000000000000 1.450290907755800 0.000000000000000E+00 8.49580995
0.740000000000000 1.449627443872370 0.000000000000000E+00 8.51556791
0.760000000000000 1.448980969540550 0.000000000000000E+00 8.53539573
0.780000000000000 1.448348851060010 0.000000000000000E+00 8.55529557
0.800000000000000 1.447728793347730 0.000000000000000E+00 8.57526954
0.820000000000000 1.447118789253150 0.000000000000000E+00 8.59531970
0.840000000000000 1.446517077535570 0.000000000000000E+00 8.61544808
0.860000000000000 1.445922107844430 0.000000000000000E+00 8.63565672
0.880000000000000 1.445332511397520 0.000000000000000E+00 8.65594759
0.900000000000000 1.444747076315010 0.000000000000000E+00 8.67632268
0.920000000000000 1.444164726783830 0.000000000000000E+00 8.69678396
0.940000000000000 1.443584505382470 0.000000000000000E+00 8.71733339
0.960000000000001 1.443005558030120 0.000000000000000E+00 8.73797290
0.980000000000001 1.442427121122290 0.000000000000000E+00 8.75870446
1.000000000000000 1.441848510496250 0.000000000000000E+00 8.77952999
1.020000000000000 1.441269111934050 0.000000000000000E+00 8.80045144
1.040000000000000 1.440688372962550 0.000000000000000E+00 8.82147075
1.060000000000000 1.440105795751660 0.000000000000000E+00 8.84258985
1.080000000000000 1.439520930944950 0.000000000000000E+00 8.86381070
1.100000000000000 1.438933372285470 0.000000000000000E+00 8.88513523
1.120000000000000 1.438342751921580 0.000000000000000E+00 8.90656540
1.140000000000000 1.437748736295500 0.000000000000000E+00 8.92810317
1.160000000000000 1.437151022534000 0.000000000000000E+00 8.94975051
1.180000000000000 1.436549335271480 0.000000000000000E+00 8.97150938
1.200000000000000 1.435943423847820 0.000000000000000E+00 8.99338177
1.220000000000000 1.435333059830720 0.000000000000000E+00 9.01536968
1.240000000000000 1.434718034820610 0.000000000000000E+00 9.03747510
1.260000000000000 1.434098158501710 0.000000000000000E+00 9.05970006
1.280000000000000 1.433473256908080 0.000000000000000E+00 9.08204658
1.300000000000000 1.432843170878240 0.000000000000000E+00 9.10451670
1.320000000000000 1.432207754675000 0.000000000000000E+00 9.12711249
1.340000000000000 1.431566874750750 0.000000000000000E+00 9.14983601
1.360000000000000 1.430920408640990 0.000000000000000E+00 9.17268936
1.380000000000000 1.430268243970960 0.000000000000000E+00 9.19567464
1.400000000000000 1.429610277562520 0.000000000000000E+00 9.21879397
1.420000000000000 1.428946414629850 0.000000000000000E+00 9.24204951
1.440000000000000 1.428276568053890 0.000000000000000E+00 9.26544341
1.460000000000000 1.427600657727090 0.000000000000000E+00 9.28897787
1.480000000000000 1.426918609960600 0.000000000000000E+00 9.31265507
1.500000000000000 1.426230356947320 0.000000000000000E+00 9.33647727
1.520000000000000 1.425535836274870 0.000000000000000E+00 9.36044670
1.540000000000000 1.424834990483180 0.000000000000000E+00 9.38456565
1.560000000000000 1.424127766662300 0.000000000000000E+00 9.40883642
1.580000000000000 1.423414116086070 0.000000000000000E+00 9.43326134
1.600000000000000 1.422693993878310 0.000000000000000E+00 9.45784275
1.620000000000000 1.421967358708090 0.000000000000000E+00 9.48258306
1.640000000000000 1.421234172511350 0.000000000000000E+00 9.50748466
1.660000000000000 1.420494400236300 0.000000000000000E+00 9.53255001
1.680000000000000 1.419748009610310 0.000000000000000E+00 9.55778158
1.700000000000000 1.418994970926240 0.000000000000000E+00 9.58318187
1.720000000000000 1.418235256846440 0.000000000000000E+00 9.60875342
1.740000000000000 1.417468842222790 0.000000000000000E+00 9.63449880
1.760000000000000 1.416695703931210 0.000000000000000E+00 9.66042062
1.780000000000000 1.415915820719550 0.000000000000000E+00 9.68652153
1.800000000000000 1.415129173067400 0.000000000000000E+00 9.71280421
1.820000000000000 1.414335743057030 0.000000000000000E+00 9.73927137
1.840000000000000 1.413535514254280 0.000000000000000E+00 9.76592577
1.860000000000000 1.412728471598660 0.000000000000000E+00 9.79277020
1.880000000000000 1.411914601301850 0.000000000000000E+00 9.81980752
1.900000000000000 1.411093890753900 0.000000000000000E+00 9.84704059
1.920000000000000 1.410266328436400 0.000000000000000E+00 9.87447235
1.940000000000000 1.409431903842240 0.000000000000000E+00 9.90210575
1.960000000000000 1.408590607401160 0.000000000000000E+00 9.92994383
1.980000000000000 1.407742430410880 0.000000000000000E+00 9.95798964
2.000000000000000 1.406887364973180 0.000000000000000E+00 9.98624628
