0.200000000000000 1.549988172850090 0.000000000000000E+00 5.40264596
0.220000000000000 1.527819346791900 0.000000000000000E+00 5.41978898
0.240000000000000 1.512568881372610 0.000000000000000E+00 5.43646516
0.260000000000000 1.501493967193370 0.000000000000000E+00 5.45284208
0.280000000000000 1.493123676038780 0.000000000000000E+00 5.46902031
0.300000000000000 1.486597348287650 0.000000000000000E+00 5.48506484
0.320000000000000 1.481378198045100 0.000000000000000E+00 5.50102002
0.340000000000000 1.477114619337470 0.000000000000000E+00 5.51691746
0.360000000000000 1.473567156087740 0.000000000000000E+00 5.53278050
0.380000000000000 1.470567463214520 0.000000000000000E+00 5.54862688
0.400000000000000 1.467994010811150 0.000000000000000E+00 5.56447044
0.420000000000000 1.465757071438940 0.000000000000000E+00 5.58032227
0.440000000000000 1.463789105039320 0.000000000000000E+00 5.59619141
0.460000000000000 1.462038410117960 0.000000000000000E+00 5.61208541
0.480000000000000 1.460464819921770 0.000000000000000E+00 5.62801068
0.500000000000000 1.459036717200970 0.000000000000000E+00 5.64397278
0.520000000000000 1.457728921309160 0.000000000000000E+00 5.65997658
0.540000000000000 1.456521165644770 0.000000000000000E+00 5.67602645
0.560000000000000 1.455396982727860 0.000000000000000E+00 5.69212636
0.580000000000000 1.454342875877250 0.000000000000000E+00 5.70827993
0.600000000000000 1.453347695696720 0.000000000000000E+00 5.72449054
0.620000000000000 1.452402165089670 0.000000000000000E+00 5.74076135
0.640000000000000 1.451498513452190 0.000000000000000E+00 5.75709536
0.660000000000000 1.450630192103740 0.000000000000000E+00 5.77349542
0.680000000000000 1.449791650858180 0.000000000000000E+00 5.78996427
0.700000000000000 1.448978161089350 0.000000000000000E+00 5.80650456
0.720000000000000 1.448185674497350 0.000000000000000E+00 5.82311886
0.740000000000000 1.447410709534150 0.000000000000000E+00 5.83980967
0.760000000000000 1.446650259438100 0.000000000000000E+00 5.85657945
0.780000000000000 1.445901717282400 0.000000000000000E+00 5.87343060
0.800000000000000 1.445162814518810 0.000000000000000E+00 5.89036548
0.820000000000000 1.444431570297140 0.000000000000000E+00 5.90738644
0.840000000000000 1.443706249446700 0.000000000000000E+00 5.92449578
0.860000000000000 1.442985327462040 0.000000000000000E+00 5.94169578
0.880000000000000 1.442267461185080 0.000000000000000E+00 5.95898873
0.900000000000000 1.441551464144680 0.000000000000000E+00 5.97637689
0.920000000000000 1.440836285725640 0.000000000000000E+00 5.99386249
0.940000000000000 1.440120993498610 0.000000000000000E+00 6.01144778
0.960000000000001 1.439404758174340 0.000000000000000E+00 6.02913500
0.980000000000001 1.438686840744470 0.000000000000000E+00 6.04692638
1.000000000000000 1.437966581451930 0.000000000000000E+00 6.06482416
1.020000000000000 1.437243390299530 0.000000000000000E+00 6.08283057
1.040000000000000 1.436516738855180 0.000000000000000E+00 6.10094786
1.060000000000000 1.435786153155240 0.000000000000000E+00 6.11917828
1.080000000000000 1.435051207540660 0.000000000000000E+00 6.13752408
1.100000000000000 1.434311519288140 0.000000000000000E+00 6.15598753
1.120000000000000 1.433566743921190 0.000000000000000E+00 6.17457090
1.140000000000000 1.432816571104340 0.000000000000000E+00 6.19327649
1.160000000000000 1.432060721039110 0.000000000000000E+00 6.21210660
1.180000000000000 1.431298941292640 0.000000000000000E+00 6.23106355
1.200000000000000 1.430531004001000 0.000000000000000E+00 6.25014969
1.220000000000000 1.429756703397020 0.000000000000000E+00 6.26936737
1.240000000000000 1.428975853620780 0.000000000000000E+00 6.28871898
1.260000000000000 1.428188286776150 0.000000000000000E+00 6.30820690
1.280000000000000 1.427393851202520 0.000000000000000E+00 6.32783358
1.300000000000000 1.426592409934920 0.000000000000000E+00 6.34760145
1.320000000000000 1.425783839329490 0.000000000000000E+00 6.36751300
1.340000000000000 1.424968027834430 0.000000000000000E+00 6.38757072
1.360000000000000 1.424144874889130 0.000000000000000E+00 6.40777715
1.380000000000000 1.423314289936510 0.000000000000000E+00 6.42813485
1.400000000000000 1.422476191535580 0.000000000000000E+00 6.44864642
1.420000000000000 1.421630506562780 0.000000000000000E+00 6.46931447
1.440000000000000 1.420777169492260 0.000000000000000E+00 6.49014168
1.460000000000000 1.419916121746280 0.000000000000000E+00 6.51113073
1.480000000000000 1.419047311108170 0.000000000000000E+00 6.53228437
1.500000000000000 1.418170691191210 0.000000000000000E+00 6.55360536
1.520000000000000 1.417286220957310 0.000000000000000E+00 6.57509651
1.540000000000000 1.416393864280530 0.000000000000000E+00 6.59676068
1.560000000000000 1.415493589550590 0.000000000000000E+00 6.61860076
1.580000000000000 1.414585369312530 0.000000000000000E+00 6.64061969
1.600000000000000 1.413669179938660 0.000000000000000E+00 6.66282045
1.620000000000000 1.412745001329790 0.000000000000000E+00 6.68520608
1.640000000000000 1.411812816642730 0.000000000000000E+00 6.70777964
1.660000000000000 1.410872612041680 0.000000000000000E+00 6.73054428
1.680000000000000 1.409924376470990 0.000000000000000E+00 6.75350317
1.700000000000000 1.408968101447550 0.000000000000000E+00 6.77665954
1.720000000000000 1.408003780870780 0.000000000000000E+00 6.80001668
1.740000000000000 1.407031410848610 0.000000000000000E+00 6.82357793
1.760000000000000 1.406050989538200 0.000000000000000E+00 6.84734668
1.780000000000000 1.405062516999750 0.000000000000000E+00 6.87132641
1.800000000000000 1.404065995062530 0.000000000000000E+00 6.89552062
1.820000000000000 1.403061427201860 0.000000000000000E+00 6.91993290
1.840000000000000 1.402048818426220 0.000000000000000E+00 6.94456689
1.860000000000000 1.401028175173540 0.000000000000000E+00 6.96942631
1.880000000000000 1.399999505215870 0.000000000000000E+00 6.99451492
1.900000000000000 1.398962817571860 0.000000000000000E+00 7.01983659
1.920000000000000 1.397918122426230 0.000000000000000E+00 7.04539523
1.940000000000000 1.396865431055800 0.000000000000000E+00 7.07119482
1.960000000000000 1.395804755761440 0.000000000000000E+00 7.09723945
1.980000000000000 1.394736109805540 0.000000000000000E+00 7.12353325
2.000000000000000 1.393659507354590 0.000000000000000E+00 7.15008044
