0.200000000000000 1.550137357539240 0.000000000000000E+00 7.59089027
0.220000000000000 1.528001690189210 0.000000000000000E+00 7.61113289
0.240000000000000 1.512787158041480 0.000000000000000E+00 7.63081091
0.260000000000000 1.501750975281280 0.000000000000000E+00 7.65012312
0.280000000000000 1.493422212035330 0.000000000000000E+00 7.66918881
0.300000000000000 1.486940195043020 0.000000000000000E+00 7.68808497
0.320000000000000 1.481768118570770 0.000000000000000E+00 7.70686412
0.340000000000000 1.477554353412280 0.000000000000000E+00 7.72556361
0.360000000000000 1.474059418338040 0.000000000000000E+00 7.74421090
0.380000000000000 1.471114942019770 0.000000000000000E+00 7.76282678
0.400000000000000 1.468599367694170 0.000000000000000E+00 7.78142735
0.420000000000000 1.466422940753320 0.000000000000000E+00 7.80002539
0.440000000000000 1.464518093844310 0.000000000000000E+00 7.81863121
0.460000000000000 1.462833098174820 0.000000000000000E+00 7.83725329
0.480000000000000 1.461327759770880 0.000000000000000E+00 7.85589873
0.500000000000000 1.459970434292880 0.000000000000000E+00 7.87457356
0.520000000000000 1.458735914172140 0.000000000000000E+00 7.89328302
0.540000000000000 1.457603906077220 0.000000000000000E+00 7.91203166
0.560000000000000 1.456557916007310 0.000000000000000E+00 7.93082357
0.580000000000000 1.455584420981080 0.000000000000000E+00 7.94966240
0.600000000000000 1.454672245528450 0.000000000000000E+00 7.96855151
0.620000000000000 1.453812086711360 0.000000000000000E+00 7.98749398
0.640000000000000 1.452996148317390 0.000000000000000E+00 8.00649270
0.660000000000000 1.452217856290920 0.000000000000000E+00 8.02555038
0.680000000000000 1.451471635304640 0.000000000000000E+00 8.04466959
0.700000000000000 1.450752731822390 0.000000000000000E+00 8.06385281
0.720000000000000 1.450057072863360 0.000000000000000E+00 8.08310239
0.740000000000000 1.449381152425200 0.000000000000000E+00 8.10242063
0.760000000000000 1.448721939515060 0.000000000000000E+00 8.12180977
0.780000000000000 1.448076803194900 0.000000000000000E+00 8.14127199
0.800000000000000 1.447443451120820 0.000000000000000E+00 8.16080943
0.820000000000000 1.446819878859010 0.000000000000000E+00 8.18042419
0.840000000000000 1.446204327862870 0.000000000000000E+00 8.20011834
0.860000000000000 1.445595250455460 0.000000000000000E+00 8.21989394
0.880000000000000 1.444991280504910 0.000000000000000E+00 8.23975302
0.900000000000000 1.444391208761840 0.000000000000000E+00 8.25969758
0.920000000000000 1.443793962023050 0.000000000000000E+00 8.27972965
0.940000000000000 1.443198585456420 0.000000000000000E+00 8.29985120
0.960000000000001 1.442604227551000 0.000000000000000E+00 8.32006422
0.980000000000001 1.442010127252810 0.000000000000000E+00 8.34037070
1.000000000000000 1.441415602930690 0.000000000000000E+00 8.36077261
1.020000000000000 1.440820042879970 0.000000000000000E+00 8.38127193
1.040000000000000 1.440222897122900 0.000000000000000E+00 8.40187062
1.060000000000000 1.439623670307180 0.000000000000000E+00 8.42257068
1.080000000000000 1.439021915537150 0.000000000000000E+00 8.44337407
1.100000000000000 1.438417229000110 0.000000000000000E+00 8.46428279
1.120000000000000 1.437809245272450 0.000000000000000E+00 8.48529882
1.140000000000000 1.437197633208840 0.000000000000000E+00 8.50642415
1.160000000000000 1.436582092333290 0.000000000000000E+00 8.52766080
1.180000000000000 1.435962349662730 0.000000000000000E+00 8.54901077
1.200000000000000 1.435338156905330 0.000000000000000E+00 8.57047608
1.220000000000000 1.434709287983300 0.000000000000000E+00 8.59205877
1.240000000000000 1.434075536838310 0.000000000000000E+00 8.61376089
1.260000000000000 1.433436715482930 0.000000000000000E+00 8.63558448
1.280000000000000 1.432792652267310 0.000000000000000E+00 8.65753163
1.300000000000000 1.432143190334190 0.000000000000000E+00 8.67960441
1.320000000000000 1.431488186239210 0.000000000000000E+00 8.70180493
1.340000000000000 1.430827508716740 0.000000000000000E+00 8.72413530
1.360000000000000 1.430161037573830 0.000000000000000E+00 8.74659767
1.380000000000000 1.429488662697410 0.000000000000000E+00 8.76919418
1.400000000000000 1.428810283161610 0.000000000000000E+00 8.79192700
1.420000000000000 1.428125806423980 0.000000000000000E+00 8.81479834
1.440000000000000 1.427435147600420 0.000000000000000E+00 8.83781040
1.460000000000000 1.426738228810420 0.000000000000000E+00 8.86096543
1.480000000000000 1.426034978584800 0.000000000000000E+00 8.88426568
1.500000000000000 1.425325331329220 0.000000000000000E+00 8.90771344
1.520000000000000 1.424609226837660 0.000000000000000E+00 8.93131101
1.540000000000000 1.423886609850560 0.000000000000000E+00 8.95506073
1.560000000000000 1.423157429653090 0.000000000000000E+00 8.97896497
1.580000000000000 1.422421639709420 0.000000000000000E+00 9.00302611
1.600000000000000 1.421679197329310 0.000000000000000E+00 9.02724657
1.620000000000000 1.420930063364000 0.000000000000000E+00 9.05162880
1.640000000000000 1.420174201928340 0.000000000000000E+00 9.07617528
1.660000000000000 1.419411580146680 0.000000000000000E+00 9.10088851
1.680000000000000 1.418642167920310 0.000000000000000E+00 9.12577105
1.700000000000000 1.417865937714330 0.000000000000000E+00 9.15082548
1.720000000000000 1.417082864362180 0.000000000000000E+00 9.17605440
1.740000000000000 1.416292924886200 0.000000000000000E+00 9.20146046
1.760000000000000 1.415496098332760 0.000000000000000E+00 9.22704635
1.780000000000000 1.414692365620570 0.000000000000000E+00 9.25281479
1.800000000000000 1.413881709401160 0.000000000000000E+00 9.27876854
1.820000000000000 1.413064113930290 0.000000000000000E+00 9.30491042
1.840000000000000 1.412239564949450 0.000000000000000E+00 9.33124325
1.860000000000000 1.411408049576480 0.000000000000000E+00 9.35776994
1.880000000000000 1.410569556204660 0.000000000000000E+00 9.38449341
1.900000000000000 1.409724074409470 0.000000000000000E+00 9.41141663
1.920000000000000 1.408871594862320 0.000000000000000E+00 9.43854264
1.940000000000000 1.408012109250900 0.000000000000000E+00 9.46587449
1.960000000000000 1.407145610205300 0.000000000000000E+00 9.49341531
1.980000000000000 1.406272091229750 0.000000000000000E+00 9.52116827
2.000000000000000 1.405391546639240 0.000000000000000E+00 9.54913658
