0.200000000000000 1.550361637754290 0.000000000000000E+00    19.41846881
0.220000000000000 1.528276103301520 0.000000000000000E+00    19.45059150
0.240000000000000 1.513115975192000 0.000000000000000E+00    19.48177407
0.260000000000000 1.502138514014800 0.000000000000000E+00    19.51233536
0.280000000000000 1.493872798200460 0.000000000000000E+00    19.54246667
0.300000000000000 1.487458144597240 0.000000000000000E+00    19.57229149
0.320000000000000 1.482357728070100 0.000000000000000E+00    19.60189398
0.340000000000000 1.478219894716970 0.000000000000000E+00    19.63133393
0.360000000000000 1.474805135537020 0.000000000000000E+00    19.66065523
0.380000000000000 1.471945049598070 0.000000000000000E+00    19.68989099
0.400000000000000 1.469518049433480 0.000000000000000E+00    19.71906676
0.420000000000000 1.467434349082230 0.000000000000000E+00    19.74820265
0.440000000000000 1.465626349474470 0.000000000000000E+00    19.77731475
0.460000000000000 1.464042289923910 0.000000000000000E+00    19.80641613
0.480000000000000 1.462641944510200 0.000000000000000E+00    19.83551755
0.500000000000000 1.461393636979840 0.000000000000000E+00    19.86462799
0.520000000000000 1.460272127941550 0.000000000000000E+00    19.89375502
0.540000000000000 1.459257092373470 0.000000000000000E+00    19.92290508
0.560000000000000 1.458332004745380 0.000000000000000E+00    19.95208374
0.580000000000000 1.457483310727440 0.000000000000000E+00    19.98129582
0.600000000000000 1.456699803696410 0.000000000000000E+00    20.01054556
0.620000000000000 1.455972149766070 0.000000000000000E+00    20.03983671
0.640000000000000 1.455292521987180 0.000000000000000E+00    20.06917265
0.660000000000000 1.454654315783200 0.000000000000000E+00    20.09855640
0.680000000000000 1.454051925523580 0.000000000000000E+00    20.12799071
0.700000000000000 1.453480567587780 0.000000000000000E+00    20.15747812
0.720000000000000 1.452936139129970 0.000000000000000E+00    20.18702096
0.740000000000000 1.452415104500760 0.000000000000000E+00    20.21662142
0.760000000000000 1.451914403277090 0.000000000000000E+00    20.24628155
0.780000000000000 1.451431375305570 0.000000000000000E+00    20.27600328
0.800000000000000 1.450963699239750 0.000000000000000E+00    20.30578846
0.820000000000001 1.450509341853350 0.000000000000000E+00    20.33563886
0.840000000000001 1.450066516014910 0.000000000000000E+00    20.36555620
0.860000000000001 1.449633645666130 0.000000000000000E+00    20.39554211
0.880000000000001 1.449209336496440 0.000000000000000E+00    20.42559823
0.900000000000001 1.448792351275300 0.000000000000000E+00    20.45572611
0.920000000000001 1.448381589012740 0.000000000000000E+00    20.48592732
0.940000000000000 1.447976067281680 0.000000000000000E+00    20.51620338
0.960000000000001 1.447574907164050 0.000000000000000E+00    20.54655580
0.980000000000001 1.447177320383030 0.000000000000000E+00    20.57698606
1.000000000000000 1.446782598265470 0.000000000000000E+00    20.60749567
1.020000000000000 1.446390102241940 0.000000000000000E+00    20.63808611
1.040000000000000 1.445999255643110 0.000000000000000E+00    20.66875884
1.060000000000000 1.445609536595920 0.000000000000000E+00    20.69951534
1.080000000000000 1.445220471848750 0.000000000000000E+00    20.73035710
1.100000000000000 1.444831631396240 0.000000000000000E+00    20.76128559
1.120000000000000 1.444442623780350 0.000000000000000E+00    20.79230229
1.140000000000000 1.444053091976600 0.000000000000000E+00    20.82340870
1.160000000000000 1.443662709780420 0.000000000000000E+00    20.85460630
1.180000000000000 1.443271178627850 0.000000000000000E+00    20.88589660
1.200000000000000 1.442878224789040 0.000000000000000E+00    20.91728110
1.220000000000000 1.442483596888110 0.000000000000000E+00    20.94876134
1.240000000000000 1.442087063704320 0.000000000000000E+00    20.98033883
1.260000000000000 1.441688412218600 0.000000000000000E+00    21.01201511
1.280000000000000 1.441287445879130 0.000000000000000E+00    21.04379174
1.300000000000000 1.440883983048870 0.000000000000000E+00    21.07567026
1.320000000000000 1.440477855624320 0.000000000000000E+00    21.10765226
1.340000000000000 1.440068907796390 0.000000000000000E+00    21.13973932
1.360000000000000 1.439656994941380 0.000000000000000E+00    21.17193303
1.380000000000000 1.439241982622090 0.000000000000000E+00    21.20423499
1.400000000000000 1.438823745693300 0.000000000000000E+00    21.23664684
1.420000000000000 1.438402167492730 0.000000000000000E+00    21.26917020
1.440000000000000 1.437977139112220 0.000000000000000E+00    21.30180672
1.460000000000000 1.437548558738780 0.000000000000000E+00    21.33455806
1.480000000000000 1.437116331058210 0.000000000000000E+00    21.36742590
1.500000000000000 1.436680366714390 0.000000000000000E+00    21.40041193
1.520000000000000 1.436240581818760 0.000000000000000E+00    21.43351784
1.540000000000000 1.435796897503970 0.000000000000000E+00    21.46674537
1.560000000000000 1.435349239518150 0.000000000000000E+00    21.50009624
1.580000000000000 1.434897537854760 0.000000000000000E+00    21.53357220
1.600000000000000 1.434441726415000 0.000000000000000E+00    21.56717503
1.620000000000000 1.433981742699300 0.000000000000000E+00    21.60090650
1.640000000000000 1.433517527525070 0.000000000000000E+00    21.63476842
1.660000000000000 1.433049024768280 0.000000000000000E+00    21.66876260
1.680000000000000 1.432576181126410 0.000000000000000E+00    21.70289087
1.700000000000000 1.432098945901000 0.000000000000000E+00    21.73715508
1.720000000000000 1.431617270797560 0.000000000000000E+00    21.77155711
1.740000000000000 1.431131109741630 0.000000000000000E+00    21.80609885
1.760000000000000 1.430640418709420 0.000000000000000E+00    21.84078220
1.780000000000000 1.430145155571490 0.000000000000000E+00    21.87560908
1.800000000000000 1.429645279948650 0.000000000000000E+00    21.91058146
1.820000000000000 1.429140753078630 0.000000000000000E+00    21.94570128
1.840000000000000 1.428631537692950 0.000000000000000E+00    21.98097055
1.860000000000000 1.428117597902800 0.000000000000000E+00    22.01639126
1.880000000000000 1.427598899093280 0.000000000000000E+00    22.05196546
1.900000000000000 1.427075407825380 0.000000000000000E+00    22.08769519
1.920000000000000 1.426547091744860 0.000000000000000E+00    22.12358253
1.940000000000000 1.426013919497670 0.000000000000000E+00    22.15962959
1.960000000000000 1.425475860651070 0.000000000000000E+00    22.19583847
1.980000000000000 1.424932885620420 0.000000000000000E+00    22.23221134
2.000000000000000 1.424384965600740 0.000000000000000E+00    22.26875036
