0.200000000000000 1.550188830075820 0.000000000000000E+00 8.82424658
0.220000000000000 1.528064635011640 0.000000000000000E+00 8.84604249
0.240000000000000 1.512862543594040 0.000000000000000E+00 8.86722480
0.260000000000000 1.501839779353790 0.000000000000000E+00 8.88800795
0.280000000000000 1.493525413034940 0.000000000000000E+00 8.90852059
0.300000000000000 1.487058767837740 0.000000000000000E+00 8.92884577
0.320000000000000 1.481903032327350 0.000000000000000E+00 8.94904012
0.340000000000000 1.477706570401800 0.000000000000000E+00 8.96914387
0.360000000000000 1.474229893250590 0.000000000000000E+00 8.98918661
0.380000000000000 1.471304621564060 0.000000000000000E+00 9.00919071
0.400000000000000 1.468809190365120 0.000000000000000E+00 9.02917347
0.420000000000000 1.466653836702490 0.000000000000000E+00 9.04914856
0.440000000000000 1.464770984815300 0.000000000000000E+00 9.06912700
0.460000000000000 1.463108897481610 0.000000000000000E+00 9.08911780
0.480000000000000 1.461627372304080 0.000000000000000E+00 9.10912850
0.500000000000000 1.460294756545120 0.000000000000000E+00 9.12916543
0.520000000000000 1.459085834276660 0.000000000000000E+00 9.14923406
0.540000000000000 1.457980303855480 0.000000000000000E+00 9.16933913
0.560000000000000 1.456961663022780 0.000000000000000E+00 9.18948483
0.580000000000000 1.456016380597330 0.000000000000000E+00 9.20967490
0.600000000000000 1.455133272969990 0.000000000000000E+00 9.22991274
0.620000000000000 1.454303029126770 0.000000000000000E+00 9.25020146
0.640000000000000 1.453517844843040 0.000000000000000E+00 9.27054391
0.660000000000000 1.452771138116150 0.000000000000000E+00 9.29094281
0.680000000000000 1.452057325735880 0.000000000000000E+00 9.31140067
0.700000000000000 1.451371646348050 0.000000000000000E+00 9.33191991
0.720000000000000 1.450710019218620 0.000000000000000E+00 9.35250284
0.740000000000000 1.450068930655550 0.000000000000000E+00 9.37315168
0.760000000000000 1.449445342039500 0.000000000000000E+00 9.39386859
0.780000000000000 1.448836614868780 0.000000000000000E+00 9.41465568
0.800000000000000 1.448240449296870 0.000000000000000E+00 9.43551499
0.820000000000001 1.447654833448470 0.000000000000000E+00 9.45644855
0.840000000000001 1.447078001395580 0.000000000000000E+00 9.47745833
0.860000000000001 1.446508398136470 0.000000000000000E+00 9.49854630
0.880000000000001 1.445944650275500 0.000000000000000E+00 9.51971440
0.900000000000001 1.445385541353900 0.000000000000000E+00 9.54096456
0.920000000000001 1.444829991015130 0.000000000000000E+00 9.56229867
0.940000000000000 1.444277037327980 0.000000000000000E+00 9.58371864
0.960000000000001 1.443725821735890 0.000000000000000E+00 9.60522637
0.980000000000001 1.443175576191300 0.000000000000000E+00 9.62682373
1.000000000000000 1.442625612120520 0.000000000000000E+00 9.64851261
1.020000000000000 1.442075310925980 0.000000000000000E+00 9.67029489
1.040000000000000 1.441524115785730 0.000000000000000E+00 9.69217244
1.060000000000000 1.440971524550690 0.000000000000000E+00 9.71414716
1.080000000000000 1.440417083574650 0.000000000000000E+00 9.73622091
1.100000000000000 1.439860382339350 0.000000000000000E+00 9.75839559
1.120000000000000 1.439301048759430 0.000000000000000E+00 9.78067309
1.140000000000000 1.438738745070410 0.000000000000000E+00 9.80305530
1.160000000000000 1.438173164218480 0.000000000000000E+00 9.82554411
1.180000000000000 1.437604026682950 0.000000000000000E+00 9.84814145
1.200000000000000 1.437031077673170 0.000000000000000E+00 9.87084923
1.220000000000000 1.436454084650250 0.000000000000000E+00 9.89366937
1.240000000000000 1.435872835131100 0.000000000000000E+00 9.91660381
1.260000000000000 1.435287134738730 0.000000000000000E+00 9.93965449
1.280000000000000 1.434696805467560 0.000000000000000E+00 9.96282337
1.300000000000000 1.434101684137220 0.000000000000000E+00 9.98611243
1.320000000000000 1.433501621011560 0.000000000000000E+00 10.00952364
1.340000000000000 1.432896478563240 0.000000000000000E+00 10.03305900
1.360000000000000 1.432286130366330 0.000000000000000E+00 10.05672052
1.380000000000000 1.431670460102270 0.000000000000000E+00 10.08051023
1.400000000000000 1.431049360665880 0.000000000000000E+00 10.10443018
1.420000000000000 1.430422733360200 0.000000000000000E+00 10.12848241
1.440000000000000 1.429790487170220 0.000000000000000E+00 10.15266901
1.460000000000000 1.429152538106770 0.000000000000000E+00 10.17699208
1.480000000000000 1.428508808612840 0.000000000000000E+00 10.20145373
1.500000000000000 1.427859227025870 0.000000000000000E+00 10.22605610
1.520000000000000 1.427203727089820 0.000000000000000E+00 10.25080134
1.540000000000000 1.426542247512040 0.000000000000000E+00 10.27569163
1.560000000000000 1.425874731560070 0.000000000000000E+00 10.30072918
1.580000000000000 1.425201126694630 0.000000000000000E+00 10.32591620
1.600000000000000 1.424521384234850 0.000000000000000E+00 10.35125495
1.620000000000000 1.423835459052720 0.000000000000000E+00 10.37674770
1.640000000000000 1.423143309293870 0.000000000000000E+00 10.40239675
1.660000000000000 1.422444896122070 0.000000000000000E+00 10.42820443
1.680000000000000 1.421740183485270 0.000000000000000E+00 10.45417309
1.700000000000000 1.421029137901040 0.000000000000000E+00 10.48030512
1.720000000000000 1.420311728259730 0.000000000000000E+00 10.50660292
1.740000000000000 1.419587925643530 0.000000000000000E+00 10.53306894
1.760000000000000 1.418857703160200 0.000000000000000E+00 10.55970566
1.780000000000000 1.418121035789990 0.000000000000000E+00 10.58651558
1.800000000000000 1.417377900244560 0.000000000000000E+00 10.61350123
1.820000000000000 1.416628274837010 0.000000000000000E+00 10.64066520
1.840000000000000 1.415872139361860 0.000000000000000E+00 10.66801009
1.860000000000000 1.415109474984240 0.000000000000000E+00 10.69553855
1.880000000000000 1.414340264137420 0.000000000000000E+00 10.72325325
1.900000000000000 1.413564490428080 0.000000000000000E+00 10.75115692
1.920000000000000 1.412782138548590 0.000000000000000E+00 10.77925232
1.940000000000000 1.411993194195730 0.000000000000000E+00 10.80754224
1.960000000000000 1.411197643995380 0.000000000000000E+00 10.83602952
1.980000000000000 1.410395475432600 0.000000000000000E+00 10.86471706
2.000000000000000 1.409586676786770 0.000000000000000E+00 10.89360776
