0.200000000000000 1.550392917385330 0.000000000000000E+00    24.81119861
0.220000000000000 1.528314409831460 0.000000000000000E+00    24.84746190
0.240000000000000 1.513161916772360 0.000000000000000E+00    24.88265419
0.260000000000000 1.502192706667760 0.000000000000000E+00    24.91713613
0.280000000000000 1.493935860491850 0.000000000000000E+00    24.95112411
0.300000000000000 1.487530695081660 0.000000000000000E+00    24.98475782
0.320000000000000 1.482440383946010 0.000000000000000E+00    25.01813248
0.340000000000000 1.478313271069510 0.000000000000000E+00    25.05131571
0.360000000000000 1.474909844890220 0.000000000000000E+00    25.08435716
0.380000000000000 1.472061701640850 0.000000000000000E+00    25.11729428
0.400000000000000 1.469647250847870 0.000000000000000E+00    25.15015596
0.420000000000000 1.467576703434970 0.000000000000000E+00    25.18296492
0.440000000000000 1.465782457148480 0.000000000000000E+00    25.21573936
0.460000000000000 1.464212748076380 0.000000000000000E+00    25.24849403
0.480000000000000 1.462827347048240 0.000000000000000E+00    25.28124109
0.500000000000000 1.461594574548360 0.000000000000000E+00    25.31399065
0.520000000000000 1.460489187919700 0.000000000000000E+00    25.34675122
0.540000000000000 1.459490858876940 0.000000000000000E+00    25.37953008
0.560000000000000 1.458583058633180 0.000000000000000E+00    25.41233343
0.580000000000000 1.457752229611710 0.000000000000000E+00    25.44516669
0.600000000000000 1.456987161954590 0.000000000000000E+00    25.47803458
0.620000000000000 1.456278518554540 0.000000000000000E+00    25.51094126
0.640000000000000 1.455618469256260 0.000000000000000E+00    25.54389046
0.660000000000000 1.455000406293120 0.000000000000000E+00    25.57688550
0.680000000000000 1.454418720860510 0.000000000000000E+00    25.60992937
0.700000000000000 1.453868626181170 0.000000000000000E+00    25.64302483
0.720000000000000 1.453346016269360 0.000000000000000E+00    25.67617438
0.740000000000000 1.452847352353320 0.000000000000000E+00    25.70938035
0.760000000000000 1.452369570904750 0.000000000000000E+00    25.74264490
0.780000000000000 1.451910008682530 0.000000000000000E+00    25.77597005
0.800000000000000 1.451466341269900 0.000000000000000E+00    25.80935773
0.820000000000001 1.451036532387530 0.000000000000000E+00    25.84280976
0.840000000000001 1.450618791867930 0.000000000000000E+00    25.87632786
0.860000000000001 1.450211540633970 0.000000000000000E+00    25.90991371
0.880000000000001 1.449813381373000 0.000000000000000E+00    25.94356892
0.900000000000001 1.449423073869110 0.000000000000000E+00    25.97729505
0.920000000000001 1.449039514163400 0.000000000000000E+00    26.01109364
0.940000000000000 1.448661716876170 0.000000000000000E+00    26.04496617
0.960000000000001 1.448288800152750 0.000000000000000E+00    26.07891411
0.980000000000001 1.447919972795610 0.000000000000000E+00    26.11293892
1.000000000000000 1.447554523226480 0.000000000000000E+00    26.14704202
1.020000000000000 1.447191809986110 0.000000000000000E+00    26.18122484
1.040000000000000 1.446831253530770 0.000000000000000E+00    26.21548878
1.060000000000000 1.446472329127030 0.000000000000000E+00    26.24983525
1.080000000000000 1.446114560678880 0.000000000000000E+00    26.28426566
1.100000000000000 1.445757515349970 0.000000000000000E+00    26.31878141
1.120000000000000 1.445400798865870 0.000000000000000E+00    26.35338391
1.140000000000000 1.445044051399220 0.000000000000000E+00    26.38807456
1.160000000000000 1.444686943956650 0.000000000000000E+00    26.42285477
1.180000000000000 1.444329175198360 0.000000000000000E+00    26.45772596
1.200000000000000 1.443970468632280 0.000000000000000E+00    26.49268957
1.220000000000000 1.443610570132820 0.000000000000000E+00    26.52774702
1.240000000000000 1.443249245742090 0.000000000000000E+00    26.56289975
1.260000000000000 1.442886279717200 0.000000000000000E+00    26.59814922
1.280000000000000 1.442521472792760 0.000000000000000E+00    26.63349690
1.300000000000000 1.442154640631670 0.000000000000000E+00    26.66894426
1.320000000000000 1.441785612441250 0.000000000000000E+00    26.70449278
1.340000000000000 1.441414229734830 0.000000000000000E+00    26.74014396
1.360000000000000 1.441040345221300 0.000000000000000E+00    26.77589932
1.380000000000000 1.440663821808220 0.000000000000000E+00    26.81176038
1.400000000000000 1.440284531704890 0.000000000000000E+00    26.84772868
1.420000000000000 1.439902355613320 0.000000000000000E+00    26.88380576
1.440000000000000 1.439517182000670 0.000000000000000E+00    26.91999320
1.460000000000000 1.439128906438270 0.000000000000000E+00    26.95629258
1.480000000000000 1.438737431005840 0.000000000000000E+00    26.99270549
1.500000000000000 1.438342663750560 0.000000000000000E+00    27.02923354
1.520000000000000 1.437944518195140 0.000000000000000E+00    27.06587836
1.540000000000000 1.437542912893500 0.000000000000000E+00    27.10264158
1.560000000000000 1.437137771022390 0.000000000000000E+00    27.13952487
1.580000000000000 1.436729020012260 0.000000000000000E+00    27.17652990
1.600000000000000 1.436316591208770 0.000000000000000E+00    27.21365836
1.620000000000000 1.435900419564630 0.000000000000000E+00    27.25091195
1.640000000000000 1.435480443356530 0.000000000000000E+00    27.28829239
1.660000000000000 1.435056603926620 0.000000000000000E+00    27.32580144
1.680000000000000 1.434628845445130 0.000000000000000E+00    27.36344083
1.700000000000000 1.434197114692620 0.000000000000000E+00    27.40121236
1.720000000000000 1.433761360859670 0.000000000000000E+00    27.43911782
1.740000000000000 1.433321535362450 0.000000000000000E+00    27.47715901
1.760000000000000 1.432877591673470 0.000000000000000E+00    27.51533777
1.780000000000000 1.432429485164320 0.000000000000000E+00    27.55365595
1.800000000000000 1.431977172961800 0.000000000000000E+00    27.59211541
1.820000000000000 1.431520613814020 0.000000000000000E+00    27.63071806
1.840000000000000 1.431059767966990 0.000000000000000E+00    27.66946579
1.860000000000000 1.430594597050230 0.000000000000000E+00    27.70836054
1.880000000000000 1.430125063970620 0.000000000000000E+00    27.74740427
1.900000000000000 1.429651132814070 0.000000000000000E+00    27.78659893
1.920000000000000 1.429172768754090 0.000000000000000E+00    27.82594654
1.940000000000000 1.428689937966850 0.000000000000000E+00    27.86544910
1.960000000000000 1.428202607551960 0.000000000000000E+00    27.90510866
1.980000000000000 1.427710745458910 0.000000000000000E+00    27.94492728
2.000000000000000 1.427214320418270 0.000000000000000E+00    27.98490705
