0.200000000000000 1.550396095793690 0.000000000000000E+00    25.53169489
0.220000000000000 1.528318302875050 0.000000000000000E+00    25.56847198
0.240000000000000 1.513166586466600 0.000000000000000E+00    25.60416162
0.260000000000000 1.502198215852890 0.000000000000000E+00    25.63912973
0.280000000000000 1.493942272291480 0.000000000000000E+00    25.67359585
0.300000000000000 1.487538072642900 0.000000000000000E+00    25.70770172
0.320000000000000 1.482448790302590 0.000000000000000E+00    25.74154394
0.340000000000000 1.478322769064580 0.000000000000000E+00    25.77519112
0.360000000000000 1.474920497130560 0.000000000000000E+00    25.80869364
0.380000000000000 1.472073570468760 0.000000000000000E+00    25.84208950
0.400000000000000 1.469660398323540 0.000000000000000E+00    25.87540802
0.420000000000000 1.467591191325090 0.000000000000000E+00    25.90867225
0.440000000000000 1.465798346919120 0.000000000000000E+00    25.94190064
0.460000000000000 1.464230100888420 0.000000000000000E+00    25.97510817
0.480000000000000 1.462846223754710 0.000000000000000E+00    26.00830717
0.500000000000000 1.461615035692980 0.000000000000000E+00    26.04150790
0.520000000000000 1.460511293736150 0.000000000000000E+00    26.07471900
0.540000000000000 1.459514669289070 0.000000000000000E+00    26.10794782
0.560000000000000 1.458608633255340 0.000000000000000E+00    26.14120068
0.580000000000000 1.457779627749550 0.000000000000000E+00    26.17448306
0.600000000000000 1.457016442606080 0.000000000000000E+00    26.20779974
0.620000000000000 1.456309740411170 0.000000000000000E+00    26.24115495
0.640000000000000 1.455651690704300 0.000000000000000E+00    26.27455245
0.660000000000000 1.455035685415080 0.000000000000000E+00    26.30799560
0.680000000000000 1.454456115436690 0.000000000000000E+00    26.34148743
0.700000000000000 1.453908193690900 0.000000000000000E+00    26.37503073
0.720000000000000 1.453387813892830 0.000000000000000E+00    26.40862802
0.740000000000000 1.452891436972910 0.000000000000000E+00    26.44228165
0.760000000000000 1.452415999106830 0.000000000000000E+00    26.47599380
0.780000000000000 1.451958836758970 0.000000000000000E+00    26.50976651
0.800000000000000 1.451517625219560 0.000000000000000E+00    26.54360171
0.820000000000001 1.451090327917890 0.000000000000000E+00    26.57750122
0.840000000000001 1.450675154396770 0.000000000000000E+00    26.61146679
0.860000000000001 1.450270525290740 0.000000000000000E+00    26.64550009
0.880000000000001 1.449875043000490 0.000000000000000E+00    26.67960274
0.900000000000001 1.449487467024830 0.000000000000000E+00    26.71377630
0.920000000000001 1.449106693121480 0.000000000000000E+00    26.74802229
0.940000000000000 1.448731735628460 0.000000000000000E+00    26.78234222
0.960000000000001 1.448361712410320 0.000000000000000E+00    26.81673753
0.980000000000001 1.447995831990360 0.000000000000000E+00    26.85120969
1.000000000000000 1.447633382512590 0.000000000000000E+00    26.88576011
1.020000000000000 1.447273722241310 0.000000000000000E+00    26.92039021
1.040000000000000 1.446916271357920 0.000000000000000E+00    26.95510139
1.060000000000000 1.446560504855340 0.000000000000000E+00    26.98989506
1.080000000000000 1.446205946365280 0.000000000000000E+00    27.02477261
1.100000000000000 1.445852162780540 0.000000000000000E+00    27.05973543
1.120000000000000 1.445498759557060 0.000000000000000E+00    27.09478492
1.140000000000000 1.445145376599190 0.000000000000000E+00    27.12992248
1.160000000000000 1.444791684646620 0.000000000000000E+00    27.16514951
1.180000000000000 1.444437382093270 0.000000000000000E+00    27.20046742
1.200000000000000 1.444082192183090 0.000000000000000E+00    27.23587763
1.220000000000000 1.443725860526770 0.000000000000000E+00    27.27138157
1.240000000000000 1.443368152904310 0.000000000000000E+00    27.30698065
1.260000000000000 1.443008853311370 0.000000000000000E+00    27.34267633
1.280000000000000 1.442647762223370 0.000000000000000E+00    27.37847006
1.300000000000000 1.442284695043750 0.000000000000000E+00    27.41436331
1.320000000000000 1.441919480722270 0.000000000000000E+00    27.45035755
1.340000000000000 1.441551960515490 0.000000000000000E+00    27.48645427
1.360000000000000 1.441181986876700 0.000000000000000E+00    27.52265497
1.380000000000000 1.440809422458770 0.000000000000000E+00    27.55896116
1.400000000000000 1.440434139217110 0.000000000000000E+00    27.59537438
1.420000000000000 1.440056017601590 0.000000000000000E+00    27.63189617
1.440000000000000 1.439674945827030 0.000000000000000E+00    27.66852808
1.460000000000000 1.439290819214060 0.000000000000000E+00    27.70527168
1.480000000000000 1.438903539592430 0.000000000000000E+00    27.74212856
1.500000000000000 1.438513014760040 0.000000000000000E+00    27.77910032
1.520000000000000 1.438119157991760 0.000000000000000E+00    27.81618858
1.540000000000000 1.437721887593820 0.000000000000000E+00    27.85339497
1.560000000000000 1.437321126496140 0.000000000000000E+00    27.89072113
1.580000000000000 1.436916801883320 0.000000000000000E+00    27.92816873
1.600000000000000 1.436508844855980 0.000000000000000E+00    27.96573945
1.620000000000000 1.436097190122390 0.000000000000000E+00    28.00343499
1.640000000000000 1.435681775715280 0.000000000000000E+00    28.04125706
1.660000000000000 1.435262542733840 0.000000000000000E+00    28.07920740
1.680000000000000 1.434839435105800 0.000000000000000E+00    28.11728775
1.700000000000000 1.434412399369880 0.000000000000000E+00    28.15549988
1.720000000000000 1.433981384475360 0.000000000000000E+00    28.19384558
1.740000000000000 1.433546341597770 0.000000000000000E+00    28.23232665
1.760000000000000 1.433107223969240 0.000000000000000E+00    28.27094492
1.780000000000000 1.432663986721890 0.000000000000000E+00    28.30970222
1.800000000000000 1.432216586743180 0.000000000000000E+00    28.34860042
1.820000000000000 1.431764982542490 0.000000000000000E+00    28.38764140
1.840000000000000 1.431309134127500 0.000000000000000E+00    28.42682706
1.860000000000000 1.430849002889690 0.000000000000000E+00    28.46615933
1.880000000000000 1.430384551498440 0.000000000000000E+00    28.50564014
1.900000000000000 1.429915743802370 0.000000000000000E+00    28.54527147 
1.920000000000000 1.429442544737970 0.000000000000000E+00    28.58505530
1.940000000000000 1.428964920244750 0.000000000000000E+00    28.62499364
1.960000000000000 1.428482837185860 0.000000000000000E+00    28.66508853
1.980000000000000 1.427996263274520 0.000000000000000E+00    28.70534201
2.000000000000000 1.427505167005260 0.000000000000000E+00    28.74575617
