0.200000000000000 1.548209042498490 0.000000000000000E+00 1.21877429
0.220000000000000 1.525651587822250 0.000000000000000E+00 1.22713856
0.240000000000000 1.509981753940890 0.000000000000000E+00 1.23531636
0.260000000000000 1.498456689582690 0.000000000000000E+00 1.24338870
0.280000000000000 1.489605719275060 0.000000000000000E+00 1.25140526
0.300000000000000 1.482568572070850 0.000000000000000E+00 1.25939917
0.320000000000000 1.476808917683780 0.000000000000000E+00 1.26739403
0.340000000000000 1.471975639363810 0.000000000000000E+00 1.27540757
0.360000000000000 1.467829786486090 0.000000000000000E+00 1.28345371
0.380000000000000 1.464203526036510 0.000000000000000E+00 1.29154380
0.400000000000000 1.460975841242640 0.000000000000000E+00 1.29968741
0.420000000000000 1.458057515569330 0.000000000000000E+00 1.30789281
0.440000000000000 1.455381515638190 0.000000000000000E+00 1.31616733
0.460000000000000 1.452896641208040 0.000000000000000E+00 1.32451759
0.480000000000000 1.450563220639270 0.000000000000000E+00 1.33294969
0.500000000000000 1.448350125260460 0.000000000000000E+00 1.34146933
0.520000000000000 1.446232656281360 0.000000000000000E+00 1.35008189
0.540000000000000 1.444191022188390 0.000000000000000E+00 1.35879252
0.560000000000000 1.442209223872350 0.000000000000000E+00 1.36760621
0.580000000000000 1.440274226424690 0.000000000000000E+00 1.37652780
0.600000000000000 1.438375335789680 0.000000000000000E+00 1.38556206
0.620000000000000 1.436503723982400 0.000000000000000E+00 1.39471369
0.640000000000000 1.434652063506980 0.000000000000000E+00 1.40398737
0.660000000000000 1.432814243032920 0.000000000000000E+00 1.41338777
0.680000000000000 1.430985144224170 0.000000000000000E+00 1.42291957
0.700000000000000 1.429160465072590 0.000000000000000E+00 1.43258747
0.720000000000000 1.427336578938840 0.000000000000000E+00 1.44239625
0.740000000000000 1.425510421257420 0.000000000000000E+00 1.45235071
0.760000000000000 1.423679397853710 0.000000000000000E+00 1.46245574
0.780000000000000 1.421841310277220 0.000000000000000E+00 1.47271633
0.800000000000000 1.419994294630130 0.000000000000000E+00 1.48313755
0.820000000000000 1.418136771172580 0.000000000000000E+00 1.49372458
0.840000000000000 1.416267402589130 0.000000000000000E+00 1.50448272
0.860000000000000 1.414385059258210 0.000000000000000E+00 1.51541740
0.880000000000000 1.412488790216610 0.000000000000000E+00 1.52653419
0.900000000000000 1.410577798780050 0.000000000000000E+00 1.53783880
0.920000000000000 1.408651421990200 0.000000000000000E+00 1.54933710
0.940000000000000 1.406709113221280 0.000000000000000E+00 1.56103513
0.960000000000001 1.404750427407970 0.000000000000000E+00 1.57293912
0.980000000000001 1.402775008457230 0.000000000000000E+00 1.58505545
1.000000000000000 1.400782578487410 0.000000000000000E+00 1.59739072
1.020000000000000 1.398772928602250 0.000000000000000E+00 1.60995174
1.040000000000000 1.396745910958870 0.000000000000000E+00 1.62274551
1.060000000000000 1.394701431930950 0.000000000000000E+00 1.63577928
1.080000000000000 1.392639446201590 0.000000000000000E+00 1.64906052
1.100000000000000 1.390559951648190 0.000000000000000E+00 1.66259694
1.120000000000000 1.388462984904200 0.000000000000000E+00 1.67639654
1.140000000000000 1.386348617500830 0.000000000000000E+00 1.69046753
1.160000000000000 1.384216952507330 0.000000000000000E+00 1.70481846
1.180000000000000 1.382068121600810 0.000000000000000E+00 1.71945813
1.200000000000000 1.379902282507310 0.000000000000000E+00 1.73439566
1.220000000000000 1.377719616764150 0.000000000000000E+00 1.74964048
1.240000000000000 1.375520327761350 0.000000000000000E+00 1.76520236
1.260000000000000 1.373304639025610 0.000000000000000E+00 1.78109139
1.280000000000000 1.371072792715700 0.000000000000000E+00 1.79731805
1.300000000000000 1.368825048302360 0.000000000000000E+00 1.81389316
1.320000000000000 1.366561681409510 0.000000000000000E+00 1.83082795
1.340000000000000 1.364282982796590 0.000000000000000E+00 1.84813404
1.360000000000000 1.361989257464550 0.000000000000000E+00 1.86582348
1.380000000000000 1.359680823870290 1.869615573468760E-13 1.88390876
1.400000000000000 1.357358013236120 3.257394354250210E-13 1.90240280
1.420000000000000 1.355021168942570 5.551785588878810E-13 1.92131903
1.440000000000000 1.352670645994290 9.283268598281320E-13 1.94067134
1.460000000000000 1.350306810549810 1.527279982644900E-12 1.96047415
1.480000000000000 1.347930039507240 2.474801613638890E-12 1.98074241
1.500000000000000 1.345540720138640 3.956445197503270E-12 2.00149161
1.520000000000000 1.343139249766600 6.244227357399270E-12 2.02273784
1.540000000000000 1.340726035477420 9.739653528129110E-12 2.04449776
1.560000000000000 1.338301493865600 1.502564392352740E-11 2.06678868
1.580000000000000 1.335866050805060 2.294106571376630E-11 2.08962852
1.600000000000000 1.333420141242750 3.468427801911480E-11 2.11303591
1.620000000000000 1.330964209010880 5.195184560324860E-11 2.13703014
1.640000000000000 1.328498706654290 7.712785965452440E-11 2.16163124
1.660000000000000 1.326024095269560 1.135354171788450E-10 2.18685999
1.680000000000000 1.323540844353060 1.657728398996030E-10 2.21273795
1.700000000000000 1.321049431655180 2.401581156163960E-10 2.23928748
1.720000000000000 1.318550343038040 3.453100028139030E-10 2.26653177
1.740000000000000 1.316044072334580 4.929092548618810E-10 2.29449489
1.760000000000000 1.313531121206570 6.986773937178730E-10 2.32320180
1.780000000000000 1.311011998999690 9.836479131219990E-10 2.35267841
1.800000000000000 1.308487222593740 1.375778990730940E-09 2.38295157
1.820000000000000 1.305957316246010 1.912013047888910E-09 2.41404916
1.840000000000000 1.303422811426460 2.640874963155680E-09 2.44600008
1.860000000000000 1.300884246642800 3.625739042334430E-09 2.47883431
1.880000000000000 1.298342167254230 4.948902121437730E-09 2.51258293
1.900000000000000 1.295797125272540 6.716671191453470E-09 2.54727821
1.920000000000000 1.293249679148810 9.065589834378330E-09 2.58295358
1.940000000000000 1.290700393545250 1.217015127563670E-08 2.61964373
1.960000000000000 1.288149839090430 1.625219392398240E-08 2.65738463
1.980000000000000 1.285598592117120 2.159229206544210E-08 2.69621357
2.000000000000000 1.283047234381880 2.854365088733600E-08 2.73616924
