0.200000000000000 1.550370578670730 0.000000000000000E+00    20.70477405
0.220000000000000 1.528287051695050 0.000000000000000E+00    20.73793031
0.240000000000000 1.513129104509260 0.000000000000000E+00    20.77011371
0.260000000000000 1.502153999908140 0.000000000000000E+00    20.80165356
0.280000000000000 1.493890817005610 0.000000000000000E+00    20.83274743
0.300000000000000 1.487478872603440 0.000000000000000E+00    20.86352287
0.320000000000000 1.482381341136120 0.000000000000000E+00    20.89406681
0.340000000000000 1.478246568055210 0.000000000000000E+00    20.92444099
0.360000000000000 1.474835043585890 0.000000000000000E+00    20.95469074
0.380000000000000 1.471978365944260 0.000000000000000E+00    20.98485027
0.400000000000000 1.469554946763270 0.000000000000000E+00    21.01494596
0.420000000000000 1.467474999150970 0.000000000000000E+00    21.04499856
0.440000000000000 1.465670923087440 0.000000000000000E+00    21.07502471
0.460000000000000 1.464090956924800 0.000000000000000E+00    21.10503788
0.480000000000000 1.462694873774580 0.000000000000000E+00    21.13504919
0.500000000000000 1.461450996412150 0.000000000000000E+00    21.16506790
0.520000000000000 1.460334084474470 0.000000000000000E+00    21.19510181
0.540000000000000 1.459323811969010 0.000000000000000E+00    21.22515757
0.560000000000000 1.458403652397220 0.000000000000000E+00    21.25524090
0.580000000000000 1.457560050464150 0.000000000000000E+00    21.28535677
0.600000000000000 1.456781798585350 0.000000000000000E+00    21.31550954
0.620000000000000 1.456059561917580 0.000000000000000E+00    21.34570306
0.640000000000000 1.455385512559300 0.000000000000000E+00    21.37594078
0.660000000000000 1.454753044986770 0.000000000000000E+00    21.40622580
0.680000000000000 1.454156552626750 0.000000000000000E+00    21.43656093
0.700000000000000 1.453591250921960 0.000000000000000E+00    21.46694875
0.720000000000000 1.453053036094420 0.000000000000000E+00    21.49739164
0.740000000000000 1.452538371568160 0.000000000000000E+00    21.52789179
0.760000000000000 1.452044195998890 0.000000000000000E+00    21.55845130
0.780000000000000 1.451567848317220 0.000000000000000E+00    21.58907211
0.800000000000000 1.451107006265980 0.000000000000000E+00    21.61975608
0.820000000000001 1.450659635713470 0.000000000000000E+00    21.65050498
0.840000000000001 1.450223948628010 0.000000000000000E+00    21.68132053
0.860000000000001 1.449798368056260 0.000000000000000E+00    21.71220438
0.880000000000001 1.449381498797860 0.000000000000000E+00    21.74315813
0.900000000000001 1.448972102737060 0.000000000000000E+00    21.77418334
0.920000000000001 1.448569078004360 0.000000000000000E+00    21.80528157
0.940000000000000 1.448171441297690 0.000000000000000E+00    21.83645432
0.960000000000001 1.447778312828900 0.000000000000000E+00    21.86770307
0.980000000000001 1.447388903455950 0.000000000000000E+00    21.89902932
1.000000000000000 1.447002503645140 0.000000000000000E+00    21.93043453
1.020000000000000 1.446618473971160 0.000000000000000E+00    21.96192016
1.040000000000000 1.446236236913700 0.000000000000000E+00    21.99348767
1.060000000000000 1.445855269752070 0.000000000000000E+00    22.02513850
1.080000000000000 1.445475098393430 0.000000000000000E+00    22.05687412
1.100000000000000 1.445095291993780 0.000000000000000E+00    22.08869598
1.120000000000000 1.444715458261630 0.000000000000000E+00    22.12060553
1.140000000000000 1.444335239342710 0.000000000000000E+00    22.15260424
1.160000000000000 1.443954308207320 0.000000000000000E+00    22.18469359
1.180000000000000 1.443572365469910 0.000000000000000E+00    22.21687504
1.200000000000000 1.443189136583500 0.000000000000000E+00    22.24915009
1.220000000000000 1.442804369358560 0.000000000000000E+00    22.28152022
1.240000000000000 1.442417831764540 0.000000000000000E+00    22.31398694
1.260000000000000 1.442029309977140 0.000000000000000E+00    22.34655177
1.280000000000000 1.441638606641170 0.000000000000000E+00    22.37921622
1.300000000000000 1.441245539321460 0.000000000000000E+00    22.41198184
1.320000000000000 1.440849939119080 0.000000000000000E+00    22.44485017
1.340000000000000 1.440451649433280 0.000000000000000E+00    22.47782276
1.360000000000000 1.440050524850950 0.000000000000000E+00    22.51090119
1.380000000000000 1.439646430150900 0.000000000000000E+00    22.54408705
1.400000000000000 1.439239239404840 0.000000000000000E+00    22.57738192
1.420000000000000 1.438828835171650 0.000000000000000E+00    22.61078743
1.440000000000000 1.438415107766990 0.000000000000000E+00    22.64430519
1.460000000000000 1.437997954604780 0.000000000000000E+00    22.67793684
1.480000000000000 1.437577279600360 0.000000000000000E+00    22.71168404
1.500000000000000 1.437152992629980 0.000000000000000E+00    22.74554844
1.520000000000000 1.436725009040000 0.000000000000000E+00    22.77953174
1.540000000000000 1.436293249200720 0.000000000000000E+00    22.81363563
1.560000000000000 1.435857638100260 0.000000000000000E+00    22.84786182
1.580000000000000 1.435418104974500 0.000000000000000E+00    22.88221203
1.600000000000000 1.434974582969360 0.000000000000000E+00    22.91668802
1.620000000000000 1.434527008832170 0.000000000000000E+00    22.95129154
1.640000000000000 1.434075322629410 0.000000000000000E+00    22.98602437
1.660000000000000 1.433619467488120 0.000000000000000E+00    23.02088831
1.680000000000000 1.433159389358810 0.000000000000000E+00    23.05588516
1.700000000000000 1.432695036797850 0.000000000000000E+00    23.09101676
1.720000000000000 1.432226360767310 0.000000000000000E+00    23.12628494
1.740000000000000 1.431753314451100 0.000000000000000E+00    23.16169159
1.760000000000000 1.431275853085190 0.000000000000000E+00    23.19723858
1.780000000000000 1.430793933801470 0.000000000000000E+00    23.23292781
1.800000000000000 1.430307515483420 0.000000000000000E+00    23.26876121
1.820000000000000 1.429816558632730 0.000000000000000E+00    23.30474072
1.840000000000000 1.429321025246050 0.000000000000000E+00    23.34086832
1.860000000000000 1.428820878700730 0.000000000000000E+00    23.37714597
1.880000000000000 1.428316083649080 0.000000000000000E+00    23.41357569
1.900000000000000 1.427806605920130 0.000000000000000E+00    23.45015952
1.920000000000000 1.427292412428470 0.000000000000000E+00    23.48689949
1.940000000000000 1.426773471089490 0.000000000000000E+00    23.52379768
1.960000000000000 1.426249750740530 0.000000000000000E+00    23.56085619
1.980000000000000 1.425721221067430 0.000000000000000E+00    23.59807715
2.000000000000000 1.425187852536030 0.000000000000000E+00    23.63546269
