0.200000000000000 1.550242222380360 0.000000000000000E+00    10.61308378
0.220000000000000 1.528129946818880 0.000000000000000E+00    10.63694613
0.240000000000000 1.512940786301550 0.000000000000000E+00    10.66012968
0.260000000000000 1.501931974803450 0.000000000000000E+00    10.68286972
0.280000000000000 1.493632584448960 0.000000000000000E+00    10.70530739
0.300000000000000 1.487181935495040 0.000000000000000E+00    10.72753382
0.320000000000000 1.482043211308040 0.000000000000000E+00    10.74961110
0.340000000000000 1.477864769335250 0.000000000000000E+00    10.77158337
0.360000000000000 1.474407113591780 0.000000000000000E+00    10.79348306
0.380000000000000 1.471501857165750 0.000000000000000E+00    10.81533464
0.400000000000000 1.469027427224400 0.000000000000000E+00    10.83715704
0.420000000000000 1.466894052814100 0.000000000000000E+00    10.85896519
0.440000000000000 1.465034150093250 0.000000000000000E+00    10.88077107
0.460000000000000 1.463395973724470 0.000000000000000E+00    10.90258446
0.480000000000000 1.461939313190610 0.000000000000000E+00    10.92441349
0.500000000000000 1.460632507649290 0.000000000000000E+00    10.94626496
0.520000000000000 1.459450333096840 0.000000000000000E+00    10.96814469
0.540000000000000 1.458372479853050 0.000000000000000E+00    10.99005769
0.560000000000000 1.457382437667940 0.000000000000000E+00    11.01200838
0.580000000000000 1.456466667418550 0.000000000000000E+00    11.03400063
0.600000000000000 1.455613977607940 0.000000000000000E+00    11.05603793
0.620000000000000 1.454815049389390 0.000000000000000E+00    11.07812346
0.640000000000000 1.454062070762660 0.000000000000000E+00    11.10026011
0.660000000000000 1.453348452007300 0.000000000000000E+00    11.12245057
0.680000000000000 1.452668602253120 0.000000000000000E+00    11.14469735
0.700000000000000 1.452017752544940 0.000000000000000E+00    11.16700283
0.720000000000000 1.451391814605340 0.000000000000000E+00    11.18936925
0.740000000000000 1.450787267257000 0.000000000000000E+00    11.21179877
0.760000000000000 1.450201064452820 0.000000000000000E+00    11.23429348
0.780000000000000 1.449630560319730 0.000000000000000E+00    11.25685539
0.800000000000000 1.449073447696700 0.000000000000000E+00    11.27948645
0.820000000000001 1.448527707448980 0.000000000000000E+00    11.30218859
0.840000000000001 1.447991566443540 0.000000000000000E+00    11.32496370
0.860000000000001 1.447463462528770 0.000000000000000E+00    11.34781363
0.880000000000001 1.446942015210180 0.000000000000000E+00    11.37074022
0.900000000000001 1.446426000983730 0.000000000000000E+00    11.39374527
0.920000000000001 1.445914332498120 0.000000000000000E+00    11.41683059
0.940000000000000 1.445406040878110 0.000000000000000E+00    11.43999798
0.960000000000001 1.444900260672290 0.000000000000000E+00    11.46324921
0.980000000000001 1.444396216985930 0.000000000000000E+00    11.48658605
1.000000000000000 1.443893214447010 0.000000000000000E+00    11.51001029
1.020000000000000 1.443390627704480 0.000000000000000E+00    11.53352369
1.040000000000000 1.442887893229170 0.000000000000000E+00    11.55712802
1.060000000000000 1.442384502208960 0.000000000000000E+00    11.58082505
1.080000000000000 1.441879994378030 0.000000000000000E+00    11.60461655
1.100000000000000 1.441373952640890 0.000000000000000E+00    11.62850430
1.120000000000000 1.440865998376250 0.000000000000000E+00    11.65249008
1.140000000000000 1.440355787324090 0.000000000000000E+00    11.67657568
1.160000000000000 1.439843005974380 0.000000000000000E+00    11.70076287
1.180000000000000 1.439327368388240 0.000000000000000E+00    11.72505346
1.200000000000000 1.438808613394410 0.000000000000000E+00    11.74944926
1.220000000000000 1.438286502109300 0.000000000000000E+00    11.77395207
1.240000000000000 1.437760815740230 0.000000000000000E+00    11.79856371
1.260000000000000 1.437231353634830 0.000000000000000E+00    11.82328603
1.280000000000000 1.436697931544980 0.000000000000000E+00    11.84812084
1.300000000000000 1.436160380079680 0.000000000000000E+00    11.87307002
1.320000000000000 1.435618543323080 0.000000000000000E+00    11.89813541
1.340000000000000 1.435072277597780 0.000000000000000E+00    11.92331889
1.360000000000000 1.434521450356560 0.000000000000000E+00    11.94862235
1.380000000000000 1.433965939187050 0.000000000000000E+00    11.97404769
1.400000000000000 1.433405630916760 0.000000000000000E+00    11.99959682
1.420000000000000 1.432840420806790 0.000000000000000E+00    12.02527167
1.440000000000000 1.432270211824420 0.000000000000000E+00    12.05107418
1.460000000000000 1.431694913985870 0.000000000000000E+00    12.07700632
1.480000000000000 1.431114443761590 0.000000000000000E+00    12.10307004
1.500000000000000 1.430528723537260 0.000000000000000E+00    12.12926735
1.520000000000000 1.429937681124900 0.000000000000000E+00    12.15560026
1.540000000000000 1.429341249318390 0.000000000000000E+00    12.18207079
1.560000000000000 1.428739365489330 0.000000000000000E+00    12.20868100
1.580000000000000 1.428131971218700 0.000000000000000E+00    12.23543293
1.600000000000000 1.427519011960970 0.000000000000000E+00    12.26232870
1.620000000000000 1.426900436737440 0.000000000000000E+00    12.28937039
1.640000000000000 1.426276197855740 0.000000000000000E+00    12.31656014
1.660000000000000 1.425646250653200 0.000000000000000E+00    12.34390010
1.680000000000000 1.425010553261630 0.000000000000000E+00    12.37139245
1.700000000000000 1.424369066391630 0.000000000000000E+00    12.39903938
1.720000000000000 1.423721753134440 0.000000000000000E+00    12.42684312
1.740000000000000 1.423068578779860 0.000000000000000E+00    12.45480591
1.760000000000000 1.422409510648670 0.000000000000000E+00    12.48293004
1.780000000000000 1.421744517938350 0.000000000000000E+00    12.51121780
1.800000000000000 1.421073571580720 0.000000000000000E+00    12.53967151
1.820000000000000 1.420396644110720 0.000000000000000E+00    12.56829355
1.840000000000000 1.419713709545100 0.000000000000000E+00    12.59708630
1.860000000000000 1.419024743270330 0.000000000000000E+00    12.62605216
1.880000000000000 1.418329721938840 0.000000000000000E+00    12.65519360
1.900000000000000 1.417628623372960 0.000000000000000E+00    12.68451309
1.920000000000000 1.416921426475910 0.000000000000000E+00    12.71401314
1.940000000000000 1.416208111149180 0.000000000000000E+00    12.74369630
1.960000000000000 1.415488658215830 0.000000000000000E+00    12.77356516
1.980000000000000 1.414763049349310 0.000000000000000E+00    12.80362231
2.000000000000000 1.414031267007150 0.000000000000000E+00    12.83387042
