0.200000000000000 1.550382504907510 0.000000000000000E+00    22.71157971
0.220000000000000 1.528301657020730 0.000000000000000E+00    22.74628948
0.240000000000000 1.513146620757930 0.000000000000000E+00    22.77997731
0.260000000000000 1.502174661910130 0.000000000000000E+00    22.81298819
0.280000000000000 1.493914860556390 0.000000000000000E+00    22.84552911
0.300000000000000 1.487506533489580 0.000000000000000E+00    22.87773368
0.320000000000000 1.482412854622550 0.000000000000000E+00    22.90969297
0.340000000000000 1.478282168596530 0.000000000000000E+00    22.94147166
0.360000000000000 1.474874964655720 0.000000000000000E+00    22.97311725
0.380000000000000 1.472022839930770 0.000000000000000E+00    23.00466556
0.400000000000000 1.469604204903790 0.000000000000000E+00    23.03614423
0.420000000000000 1.467529271490590 0.000000000000000E+00    23.06757499
0.440000000000000 1.465730438453050 0.000000000000000E+00    23.09897526
0.460000000000000 1.464155942909060 0.000000000000000E+00    23.13035915
0.480000000000000 1.462765556726740 0.000000000000000E+00    23.16173830
0.500000000000000 1.461527601433390 0.000000000000000E+00    23.19312240
0.520000000000000 1.460416835416650 0.000000000000000E+00    23.22451959
0.540000000000000 1.459412931435560 0.000000000000000E+00    23.25593684
0.560000000000000 1.458499361745760 0.000000000000000E+00    23.28738012
0.580000000000000 1.457662569810260 0.000000000000000E+00    23.31885460
0.600000000000000 1.456891346807240 0.000000000000000E+00    23.35036484
0.620000000000000 1.456176356661370 0.000000000000000E+00    23.38191483
0.640000000000000 1.455509770244720 0.000000000000000E+00    23.41350816
0.660000000000000 1.454884980813340 0.000000000000000E+00    23.44514803
0.680000000000000 1.454296380579860 0.000000000000000E+00    23.47683736
0.700000000000000 1.453739183779450 0.000000000000000E+00    23.50857879
0.720000000000000 1.453209285433260 0.000000000000000E+00    23.54037476
0.740000000000000 1.452703147770970 0.000000000000000E+00    23.57222755
0.760000000000000 1.452217708260550 0.000000000000000E+00    23.60413926
0.780000000000000 1.451750304651590 0.000000000000000E+00    23.63611188
0.800000000000000 1.451298613512570 0.000000000000000E+00    23.66814730
0.820000000000001 1.450860599544010 0.000000000000000E+00    23.70024730
0.840000000000001 1.450434473553040 0.000000000000000E+00    23.73241361
0.860000000000001 1.450018657431670 0.000000000000000E+00    23.76464789
0.880000000000001 1.449611754831190 0.000000000000000E+00    23.79695173
0.900000000000001 1.449212526494350 0.000000000000000E+00    23.82932671
0.920000000000001 1.448819869415740 0.000000000000000E+00    23.86177434
0.940000000000000 1.448432799164280 0.000000000000000E+00    23.89429613
0.960000000000001 1.448050434828480 0.000000000000000E+00    23.92689356
0.980000000000001 1.447671986149280 0.000000000000000E+00    23.95956808
1.000000000000000 1.447296742481930 0.000000000000000E+00    23.99232115
1.020000000000000 1.446924063295800 0.000000000000000E+00    24.02515420
1.040000000000000 1.446553369971210 0.000000000000000E+00    24.05806865
1.060000000000000 1.446184138693860 0.000000000000000E+00    24.09106595
1.080000000000000 1.445815894282370 0.000000000000000E+00    24.12414751
1.100000000000000 1.445448204810530 0.000000000000000E+00    24.15731476
1.120000000000000 1.445080676909530 0.000000000000000E+00    24.19056912
1.140000000000000 1.444712951653220 0.000000000000000E+00    24.22391204
1.160000000000000 1.444344700945380 0.000000000000000E+00    24.25734495
1.180000000000000 1.443975624338720 0.000000000000000E+00    24.29086930
1.200000000000000 1.443605446229920 0.000000000000000E+00    24.32448654
1.220000000000000 1.443233913377830 0.000000000000000E+00    24.35819812
1.240000000000000 1.442860792705130 0.000000000000000E+00    24.39200553
1.260000000000000 1.442485869345560 0.000000000000000E+00    24.42591025
1.280000000000000 1.442108944906570 0.000000000000000E+00    24.45991375
1.300000000000000 1.441729835920130 0.000000000000000E+00    24.49401756
1.320000000000000 1.441348372458950 0.000000000000000E+00    24.52822318
1.340000000000000 1.440964396898240 0.000000000000000E+00    24.56253214
1.360000000000000 1.440577762804910 0.000000000000000E+00    24.59694598
1.380000000000000 1.440188333941910 0.000000000000000E+00    24.63146625
1.400000000000000 1.439795983369630 0.000000000000000E+00    24.66609452
1.420000000000000 1.439400592638800 0.000000000000000E+00    24.70083236
1.440000000000000 1.439002051061680 0.000000000000000E+00    24.73568138
1.460000000000000 1.438600255051350 0.000000000000000E+00    24.77064317
1.480000000000000 1.438195107526720 0.000000000000000E+00    24.80571936
1.500000000000000 1.437786517370970 0.000000000000000E+00    24.84091158
1.520000000000000 1.437374398940690 0.000000000000000E+00    24.87622150
1.540000000000000 1.436958671619630 0.000000000000000E+00    24.91165077
1.560000000000000 1.436539259412780 0.000000000000000E+00    24.94720107
1.580000000000000 1.436116090575760 0.000000000000000E+00    24.98287411
1.600000000000000 1.435689097277270 0.000000000000000E+00    25.01867160
1.620000000000000 1.435258215290180 0.000000000000000E+00    25.05459528
1.640000000000000 1.434823383709600 0.000000000000000E+00    25.09064688
1.660000000000000 1.434384544693290 0.000000000000000E+00    25.12682818
1.680000000000000 1.433941643225450 0.000000000000000E+00    25.16314095
1.700000000000000 1.433494626898230 0.000000000000000E+00    25.19958700
1.720000000000000 1.433043445712060 0.000000000000000E+00    25.23616815
1.740000000000000 1.432588051891130 0.000000000000000E+00    25.27288623
1.760000000000000 1.432128399713930 0.000000000000000E+00    25.30974310
1.780000000000000 1.431664445356760 0.000000000000000E+00    25.34674064
1.800000000000000 1.431196146749150 0.000000000000000E+00    25.38388073
1.820000000000000 1.430723463440840 0.000000000000000E+00    25.42116529
1.840000000000000 1.430246356477910 0.000000000000000E+00    25.45859626
1.860000000000000 1.429764788288630 0.000000000000000E+00    25.49617558
1.880000000000000 1.429278722577590 0.000000000000000E+00    25.53390525
1.900000000000000 1.428788124227260 0.000000000000000E+00    25.57178725
1.920000000000000 1.428292959206740 0.000000000000000E+00    25.60982361
1.940000000000000 1.427793194486930 0.000000000000000E+00    25.64801636
1.960000000000000 1.427288797961440 0.000000000000000E+00    25.68636758
1.980000000000000 1.426779738373050 0.000000000000000E+00    25.72487935
2.000000000000000 1.426265985245140 0.000000000000000E+00    25.76355379
