0.200000000000000 1.550203606257130 0.000000000000000E+00      9.25597559
0.220000000000000 1.528082707842230 0.000000000000000E+00      9.27828465
0.240000000000000 1.512884192253030 0.000000000000000E+00      9.29996389
0.260000000000000 1.501865285831130 0.000000000000000E+00      9.32123298
0.280000000000000 1.493555059623970 0.000000000000000E+00      9.34222366
0.300000000000000 1.487092835939960 0.000000000000000E+00      9.36302101
0.320000000000000 1.481941801829450 0.000000000000000E+00      9.38368302
0.340000000000000 1.477750319330550 0.000000000000000E+00      9.40425089
0.360000000000000 1.474278897573860 0.000000000000000E+00      9.42475493
0.380000000000000 1.471359155073720 0.000000000000000E+00      9.44521800
0.400000000000000 1.468869524608190 0.000000000000000E+00      9.46565783
0.420000000000000 1.466720240941690 0.000000000000000E+00      9.48608840
0.440000000000000 1.464843726008710 0.000000000000000E+00      9.50652094
0.460000000000000 1.463188240274210 0.000000000000000E+00      9.52696468
0.480000000000000 1.461713579027650 0.000000000000000E+00      9.54742726
0.500000000000000 1.460388087223600 0.000000000000000E+00      9.56791515
0.520000000000000 1.459186546635330 0.000000000000000E+00      9.58843389
0.540000000000000 1.458088653332750 0.000000000000000E+00      9.60898827
0.560000000000000 1.457077902783930 0.000000000000000E+00      9.62958254
0.580000000000000 1.456140761549220 0.000000000000000E+00      9.65022047
0.600000000000000 1.455266043777170 0.000000000000000E+00      9.67090546
0.620000000000000 1.454444436227370 0.000000000000000E+00      9.69164063
0.640000000000000 1.453668132465960 0.000000000000000E+00      9.71242884
0.660000000000000 1.452930548297750 0.000000000000000E+00      9.73327279
0.680000000000000 1.452226098337070 0.000000000000000E+00      9.75417498
0.700000000000000 1.451550019071490 0.000000000000000E+00      9.77513781
0.720000000000000 1.450898227625500 0.000000000000000E+00      9.79616358
0.740000000000000 1.450267208182500 0.000000000000000E+00      9.81725447
0.760000000000000 1.449653920015670 0.000000000000000E+00      9.83841263
0.780000000000000 1.449055722531600 0.000000000000000E+00      9.85964012
0.800000000000000 1.448470313809440 0.000000000000000E+00      9.88093898
0.820000000000001 1.447895679915020 0.000000000000000E+00      9.90231118
0.840000000000001 1.447330052877270 0.000000000000000E+00      9.92375869
0.860000000000001 1.446771875668240 0.000000000000000E+00      9.94528343
0.880000000000001 1.446219772879410 0.000000000000000E+00      9.96688731
0.900000000000001 1.445672526056030 0.000000000000000E+00      9.98857222
0.920000000000001 1.445129052859070 0.000000000000000E+00    10.01034004
0.940000000000000 1.444588389391180 0.000000000000000E+00    10.03219264
0.960000000000001 1.444049675141960 0.000000000000000E+00    10.05413187
0.980000000000001 1.443512140125280 0.000000000000000E+00    10.07615959
1.000000000000000 1.442975093841730 0.000000000000000E+00    10.09827766
1.020000000000000 1.442437915782330 0.000000000000000E+00    10.12048791
1.040000000000000 1.441900047226210 0.000000000000000E+00    10.14279221
1.060000000000000 1.441360984138330 0.000000000000000E+00    10.16519239
1.080000000000000 1.440820270999060 0.000000000000000E+00    10.18769030
1.100000000000000 1.440277495428770 0.000000000000000E+00    10.21028781
1.120000000000000 1.439732283492900 0.000000000000000E+00    10.23298678
1.140000000000000 1.439184295589090 0.000000000000000E+00    10.25578905
1.160000000000000 1.438633222837030 0.000000000000000E+00    10.27869651
1.180000000000000 1.438078783900570 0.000000000000000E+00    10.30171103
1.200000000000000 1.437520722184150 0.000000000000000E+00    10.32483450
1.220000000000000 1.436958803354350 0.000000000000000E+00    10.34806881
1.240000000000000 1.436392813143560 0.000000000000000E+00    10.37141586
1.260000000000000 1.435822555399990 0.000000000000000E+00    10.39487756
1.280000000000000 1.435247850352640 0.000000000000000E+00    10.41845584
1.300000000000000 1.434668533064780 0.000000000000000E+00    10.44215264
1.320000000000000 1.434084452052670 0.000000000000000E+00    10.46596991
1.340000000000000 1.433495468049760 0.000000000000000E+00    10.48990960
1.360000000000000 1.432901452899050 0.000000000000000E+00    10.51397369
1.380000000000000 1.432302288558630 0.000000000000000E+00    10.53816417
1.400000000000000 1.431697866207460 0.000000000000000E+00    10.56248305
1.420000000000000 1.431088085439780 0.000000000000000E+00    10.58693235
1.440000000000000 1.430472853538570 0.000000000000000E+00    10.61151411
1.460000000000000 1.429852084819090 0.000000000000000E+00    10.63623039
1.480000000000000 1.429225700034860 0.000000000000000E+00    10.66108325
1.500000000000000 1.428593625839610 0.000000000000000E+00    10.68607481
1.520000000000000 1.427955794299040 0.000000000000000E+00    10.71120716
1.540000000000000 1.427312142447270 0.000000000000000E+00    10.73648245
1.560000000000000 1.426662611883380 0.000000000000000E+00    10.76190283
1.580000000000000 1.426007148404030 0.000000000000000E+00    10.78747048
1.600000000000000 1.425345701668280 0.000000000000000E+00    10.81318761
1.620000000000000 1.424678224891790 0.000000000000000E+00    10.83905643
1.640000000000000 1.424004674567160 0.000000000000000E+00    10.86507921
1.660000000000000 1.423325010208150 0.000000000000000E+00    10.89125821
1.680000000000000 1.422639194115280 0.000000000000000E+00    10.91759574
1.700000000000000 1.421947191160970 0.000000000000000E+00    10.94409414
1.720000000000000 1.421248968592310 0.000000000000000E+00    10.97075575
1.740000000000000 1.420544495849780 0.000000000000000E+00    10.99758296
1.760000000000000 1.419833744400580 0.000000000000000E+00    11.02457820
1.780000000000000 1.419116687585200 0.000000000000000E+00    11.05174390
1.800000000000000 1.418393300475960 0.000000000000000E+00    11.07908255
1.820000000000000 1.417663559746680 0.000000000000000E+00    11.10659666
1.840000000000000 1.416927443552250 0.000000000000000E+00    11.13428877
1.860000000000000 1.416184931417450 0.000000000000000E+00    11.16216147
1.880000000000000 1.415436004134110 0.000000000000000E+00    11.19021736
1.900000000000000 1.414680643665990 0.000000000000000E+00    11.21845910
1.920000000000000 1.413918833060650 0.000000000000000E+00    11.24688937
1.940000000000000 1.413150556367810 0.000000000000000E+00    11.27551090
1.960000000000000 1.412375798563580 0.000000000000000E+00    11.30432645
1.980000000000000 1.411594545480200 0.000000000000000E+00    11.33333884
2.000000000000000 1.410806783740780 0.000000000000000E+00    11.36255090
