0.200000000000000 1.549725848305880 0.000000000000000E+00 3.58566219
0.220000000000000 1.527498998111420 0.000000000000000E+00 3.59970565
0.240000000000000 1.512185728278680 0.000000000000000E+00 3.61338006
0.260000000000000 1.501043198401490 0.000000000000000E+00 3.62682191
0.280000000000000 1.492600493438420 0.000000000000000E+00 3.64011320
0.300000000000000 1.485996987779280 0.000000000000000E+00 3.65330704
0.320000000000000 1.480695940203420 0.000000000000000E+00 3.66643983
0.340000000000000 1.476345795143580 0.000000000000000E+00 3.67953769
0.360000000000000 1.472707150072140 0.000000000000000E+00 3.69262008
0.380000000000000 1.469611715154950 0.000000000000000E+00 3.70570197
0.400000000000000 1.466938016582250 0.000000000000000E+00 3.71879524
0.420000000000000 1.464596383346760 0.000000000000000E+00 3.73190956
0.440000000000000 1.462519331830550 0.000000000000000E+00 3.74505299
0.460000000000000 1.460655216781470 0.000000000000000E+00 3.75823242
0.480000000000000 1.458963927354270 0.000000000000000E+00 3.77145383
0.500000000000000 1.457413901783130 0.000000000000000E+00 3.78472252
0.520000000000000 1.455980014423310 0.000000000000000E+00 3.79804326
0.540000000000000 1.454642053154180 0.000000000000000E+00 3.81142040
0.560000000000000 1.453383604432460 0.000000000000000E+00 3.82485799
0.580000000000000 1.452191224955480 0.000000000000000E+00 3.83835978
0.600000000000000 1.451053818139920 0.000000000000000E+00 3.85192932
0.620000000000000 1.449962159135760 0.000000000000000E+00 3.86557000
0.640000000000000 1.448908529020520 0.000000000000000E+00 3.87928505
0.660000000000000 1.447886430235080 0.000000000000000E+00 3.89307759
0.680000000000000 1.446890363161500 0.000000000000000E+00 3.90695065
0.700000000000000 1.445915649197100 0.000000000000000E+00 3.92090716
0.720000000000000 1.444958289530370 0.000000000000000E+00 3.93495001
0.740000000000000 1.444014851576970 0.000000000000000E+00 3.94908201
0.760000000000000 1.443082377026010 0.000000000000000E+00 3.96330594
0.780000000000000 1.442158306900180 0.000000000000000E+00 3.97762454
0.800000000000000 1.441240420111700 0.000000000000000E+00 3.99204052
0.820000000000000 1.440326782794770 0.000000000000000E+00 4.00655657
0.840000000000000 1.439415706300150 0.000000000000000E+00 4.02117536
0.860000000000000 1.438505712194120 0.000000000000000E+00 4.03589955
0.880000000000000 1.437595502954040 0.000000000000000E+00 4.05073179
0.900000000000000 1.436683937321950 0.000000000000000E+00 4.06567474
0.920000000000000 1.435770009486960 0.000000000000000E+00 4.08073104
0.940000000000000 1.434852831429550 0.000000000000000E+00 4.09590336
0.960000000000001 1.433931617889740 0.000000000000000E+00 4.11119435
0.980000000000001 1.433005673521920 0.000000000000000E+00 4.12660669
1.000000000000000 1.432074381879790 0.000000000000000E+00 4.14214307
1.020000000000000 1.431137195938990 0.000000000000000E+00 4.15780621
1.040000000000000 1.430193629916800 0.000000000000000E+00 4.17359882
1.060000000000000 1.429243252189880 0.000000000000000E+00 4.18952367
1.080000000000000 1.428285679144820 0.000000000000000E+00 4.20558353
1.100000000000000 1.427320569823820 0.000000000000000E+00 4.22178120
1.120000000000000 1.426347621250230 0.000000000000000E+00 4.23811951
1.140000000000000 1.425366564337260 0.000000000000000E+00 4.25460134
1.160000000000000 1.424377160298460 0.000000000000000E+00 4.27122959
1.180000000000000 1.423379197490990 0.000000000000000E+00 4.28800720
1.200000000000000 1.422372488633320 0.000000000000000E+00 4.30493714
1.220000000000000 1.421356868347770 0.000000000000000E+00 4.32202243
1.240000000000000 1.420332190985410 0.000000000000000E+00 4.33926615
1.260000000000000 1.419298328697240 0.000000000000000E+00 4.35667140
1.280000000000000 1.418255169720440 0.000000000000000E+00 4.37424134
1.300000000000000 1.417202616852980 0.000000000000000E+00 4.39197918
1.320000000000000 1.416140586093660 0.000000000000000E+00 4.40988817
1.340000000000000 1.415069005427550 0.000000000000000E+00 4.42797163
1.360000000000000 1.413987813739630 0.000000000000000E+00 4.44623295
1.380000000000000 1.412896959841590 0.000000000000000E+00 4.46467553
1.400000000000000 1.411796401598900 0.000000000000000E+00 4.48330289
1.420000000000000 1.410686105146590 0.000000000000000E+00 4.50211856
1.440000000000000 1.409566044183960 0.000000000000000E+00 4.52112618
1.460000000000000 1.408436199339400 0.000000000000000E+00 4.54032943
1.480000000000000 1.407296557597830 0.000000000000000E+00 4.55973206
1.500000000000000 1.406147111783850 0.000000000000000E+00 4.57933791
1.520000000000000 1.404987860094940 0.000000000000000E+00 4.59915088
1.540000000000000 1.403818805679220 0.000000000000000E+00 4.61917495
1.560000000000000 1.402639956253440 0.000000000000000E+00 4.63941419
1.580000000000000 1.401451323756840 0.000000000000000E+00 4.65987273
1.600000000000000 1.400252924037570 0.000000000000000E+00 4.68055481
1.620000000000000 1.399044776568140 0.000000000000000E+00 4.70146473
1.640000000000000 1.397826904187310 0.000000000000000E+00 4.72260689
1.660000000000000 1.396599332865690 0.000000000000000E+00 4.74398580
1.680000000000000 1.395362091492920 0.000000000000000E+00 4.76560604
1.700000000000000 1.394115211684250 0.000000000000000E+00 4.78747230
1.720000000000000 1.392858727604870 0.000000000000000E+00 4.80958937
1.740000000000000 1.391592675810230 0.000000000000000E+00 4.83196213
1.760000000000000 1.390317095100950 0.000000000000000E+00 4.85459559
1.780000000000000 1.389032026391060 0.000000000000000E+00 4.87749485
1.800000000000000 1.387737512588240 0.000000000000000E+00 4.90066513
1.820000000000000 1.386433598485170 0.000000000000000E+00 4.92411177
1.840000000000000 1.385120330660940 0.000000000000000E+00 4.94784021
1.860000000000000 1.383797757391680 0.000000000000000E+00 4.97185604
1.880000000000000 1.382465928569590 0.000000000000000E+00 4.99616496
1.900000000000000 1.381124895629790 0.000000000000000E+00 5.02077279
1.920000000000000 1.379774711484170 0.000000000000000E+00 5.04568551
1.940000000000000 1.378415430461780 0.000000000000000E+00 5.07090922
1.960000000000000 1.377047108255280 0.000000000000000E+00 5.09645015
1.980000000000000 1.375669801872770 0.000000000000000E+00 5.12231469
2.000000000000000 1.374283569594820 0.000000000000000E+00 5.14850939
