0.200000000000000 1.550346463677820 0.000000000000000E+00    17.56636139
0.220000000000000 1.528257524103240 0.000000000000000E+00    17.59693703
0.240000000000000 1.513093697174520 0.000000000000000E+00    17.62662163
0.260000000000000 1.502112239813000 0.000000000000000E+00    17.65571835
0.280000000000000 1.493842229364630 0.000000000000000E+00    17.68440906
0.300000000000000 1.487422982830960 0.000000000000000E+00    17.71281117
0.320000000000000 1.482317675881020 0.000000000000000E+00    17.74100468
0.340000000000000 1.478174655782500 0.000000000000000E+00    17.76904644
0.360000000000000 1.474754414919730 0.000000000000000E+00    17.79697818
0.380000000000000 1.471888553877150 0.000000000000000E+00    17.82483137
0.400000000000000 1.469455486786230 0.000000000000000E+00    17.85263032
0.420000000000000 1.467365429335170 0.000000000000000E+00    17.88039414
0.440000000000000 1.465550784134850 0.000000000000000E+00    17.90813816
0.460000000000000 1.463959792198580 0.000000000000000E+00    17.93587479
0.480000000000000 1.462552229315840 0.000000000000000E+00    17.96361430
0.500000000000000 1.461296420947300 0.000000000000000E+00    17.99136524
0.520000000000000 1.460167129416160 0.000000000000000E+00    18.01913482
0.540000000000000 1.459144031412370 0.000000000000000E+00    18.04692919
0.560000000000000 1.458210603112830 0.000000000000000E+00    18.07475368
0.580000000000000 1.457353291888670 0.000000000000000E+00    18.10261291
0.600000000000000 1.456560892810360 0.000000000000000E+00    18.13051094
0.620000000000000 1.455824073677320 0.000000000000000E+00    18.15845141
0.640000000000000 1.455135009217320 0.000000000000000E+00    18.18643754
0.660000000000000 1.454487096522110 0.000000000000000E+00    18.21447227
0.680000000000000 1.453874731619650 0.000000000000000E+00    18.24255829
0.700000000000000 1.453293132539000 0.000000000000000E+00    18.27069807
0.720000000000000 1.452738198074090 0.000000000000000E+00    18.29889389
0.740000000000000 1.452206394205720 0.000000000000000E+00    18.32714791
0.760000000000000 1.451694662131510 0.000000000000000E+00    18.35546215
0.780000000000000 1.451200343308760 0.000000000000000E+00    18.38383853
0.800000000000000 1.450721117992680 0.000000000000000E+00    18.41227890
0.820000000000001 1.450254954548770 0.000000000000000E+00    18.44078503
0.840000000000001 1.449800067427940 0.000000000000000E+00    18.46935864
0.860000000000001 1.449354882145220 0.000000000000000E+00    18.49800139
0.880000000000001 1.448918005953680 0.000000000000000E+00    18.52671492
0.900000000000001 1.448488203177580 0.000000000000000E+00    18.55550082
0.920000000000001 1.448064374372610 0.000000000000000E+00    18.58436068
0.940000000000000 1.447645538648580 0.000000000000000E+00    18.61329604
0.960000000000001 1.447230818615390 0.000000000000000E+00    18.64230846
0.980000000000001 1.446819427515800 0.000000000000000E+00    18.67139946
1.000000000000000 1.446410658187170 0.000000000000000E+00    18.70057056
1.020000000000000 1.446003873562870 0.000000000000000E+00    18.72982329
1.040000000000000 1.445598498468070 0.000000000000000E+00    18.75915917
1.060000000000000 1.445194012515190 0.000000000000000E+00    18.78857970
1.080000000000000 1.444789943931500 0.000000000000000E+00    18.81808641
1.100000000000000 1.444385864181800 0.000000000000000E+00    18.84768082
1.120000000000000 1.443981383270900 0.000000000000000E+00    18.87736446
1.140000000000000 1.443576145629280 0.000000000000000E+00    18.90713885
1.160000000000000 1.443169826500350 0.000000000000000E+00    18.93700553
1.180000000000000 1.442762128760510 0.000000000000000E+00    18.96696606
1.200000000000000 1.442352780113480 0.000000000000000E+00    18.99702197
1.220000000000000 1.441941530610070 0.000000000000000E+00    19.02717484
1.240000000000000 1.441528150448740 0.000000000000000E+00    19.05742623
1.260000000000000 1.441112428024330 0.000000000000000E+00    19.08777773
1.280000000000000 1.440694168190500 0.000000000000000E+00    19.11823092
1.300000000000000 1.440273190710960 0.000000000000000E+00    19.14878742
1.320000000000000 1.439849328876050 0.000000000000000E+00    19.17944882
1.340000000000000 1.439422428264710 0.000000000000000E+00    19.21021675
1.360000000000000 1.438992345634590 0.000000000000000E+00    19.24109286
1.380000000000000 1.438558947925360 0.000000000000000E+00    19.27207878
1.400000000000000 1.438122111362150 0.000000000000000E+00    19.30317619
1.420000000000000 1.437681720647810 0.000000000000000E+00    19.33438675
1.440000000000000 1.437237668234020 0.000000000000000E+00    19.36571215
1.460000000000000 1.436789853662480 0.000000000000000E+00    19.39715409
1.480000000000000 1.436338182968600 0.000000000000000E+00    19.42871428
1.500000000000000 1.435882568141270 0.000000000000000E+00    19.46039447
1.520000000000000 1.435422926631930 0.000000000000000E+00    19.49219638
1.540000000000000 1.434959180908980 0.000000000000000E+00    19.52412177
1.560000000000000 1.434491258051840 0.000000000000000E+00    19.55617243
1.580000000000000 1.434019089381070 0.000000000000000E+00    19.58835014
1.600000000000000 1.433542610120880 0.000000000000000E+00    19.62065670
1.620000000000000 1.433061759091010 0.000000000000000E+00    19.65309394
1.640000000000000 1.432576478424250 0.000000000000000E+00    19.68566369
1.660000000000000 1.432086713308580 0.000000000000000E+00    19.71836782
1.680000000000000 1.431592411750070 0.000000000000000E+00    19.75120819
1.700000000000000 1.431093524355600 0.000000000000000E+00    19.78418669
1.720000000000000 1.430590004133030 0.000000000000000E+00    19.81730525
1.740000000000000 1.430081806307400 0.000000000000000E+00    19.85056577
1.760000000000000 1.429568888151740 0.000000000000000E+00    19.88397022
1.780000000000000 1.429051208830920 0.000000000000000E+00    19.91752057
1.800000000000000 1.428528729257700 0.000000000000000E+00    19.95121879
1.820000000000000 1.428001411959670 0.000000000000000E+00    19.98506691
1.840000000000000 1.427469220956200 0.000000000000000E+00    20.01906694
1.860000000000000 1.426932121644540 0.000000000000000E+00    20.05322095
1.880000000000000 1.426390080694310 0.000000000000000E+00    20.08753101
1.900000000000000 1.425843065949550 0.000000000000000E+00    20.12199921
1.920000000000000 1.425291046337910 0.000000000000000E+00    20.15662768
1.940000000000000 1.424733991786140 0.000000000000000E+00    20.19141857
1.960000000000000 1.424171873141550 0.000000000000000E+00    20.22637405
1.980000000000000 1.423604662098860 0.000000000000000E+00    20.26149630
2.000000000000000 1.423032331132020 0.000000000000000E+00    20.29678756
