0.200000000000000 1.550283168598250 0.000000000000000E+00    12.56690907
0.220000000000000 1.528180048553160 0.000000000000000E+00    12.59283118
0.240000000000000 1.513000824334410 0.000000000000000E+00    12.61800932
0.260000000000000 1.502002738496570 0.000000000000000E+00    12.64269966
0.280000000000000 1.493714864785600 0.000000000000000E+00    12.66705585
0.300000000000000 1.487276521755960 0.000000000000000E+00    12.69117709
0.320000000000000 1.482150889332680 0.000000000000000E+00    12.71513100
0.340000000000000 1.477986320552720 0.000000000000000E+00    12.73896560
0.360000000000000 1.474543314457000 0.000000000000000E+00    12.76271617
0.380000000000000 1.471653478822540 0.000000000000000E+00    12.78640934
0.400000000000000 1.469195235302380 0.000000000000000E+00    12.81006568
0.420000000000000 1.467078807307890 0.000000000000000E+00    12.83370139
0.440000000000000 1.465236605293710 0.000000000000000E+00    12.85732945
0.460000000000000 1.463616878184490 0.000000000000000E+00    12.88096044
0.480000000000000 1.462179409713050 0.000000000000000E+00    12.90460311
0.500000000000000 1.460892533291140 0.000000000000000E+00    12.92826478
0.520000000000000 1.459731019183800 0.000000000000000E+00    12.95195166
0.540000000000000 1.458674552001750 0.000000000000000E+00    12.97566909
0.560000000000000 1.457706615813140 0.000000000000000E+00    12.99942171
0.580000000000000 1.456813665844800 0.000000000000000E+00    13.02321360
0.600000000000000 1.455984504983050 0.000000000000000E+00    13.04704838
0.620000000000000 1.455209808800220 0.000000000000000E+00    13.07092933
0.640000000000000 1.454481759751980 0.000000000000000E+00    13.09485940
0.660000000000000 1.453793762611390 0.000000000000000E+00    13.11884133
0.680000000000000 1.453140221040250 0.000000000000000E+00    13.14287763
0.700000000000000 1.452516360653210 0.000000000000000E+00    13.16697066
0.720000000000000 1.451918087781800 0.000000000000000E+00    13.19112266
0.740000000000000 1.451341875895370 0.000000000000000E+00    13.21533574
0.760000000000000 1.450784673631980 0.000000000000000E+00    13.23961192
0.780000000000000 1.450243829841470 0.000000000000000E+00    13.26395317
0.800000000000000 1.449717032123210 0.000000000000000E+00    13.28836136
0.820000000000001 1.449202256139900 0.000000000000000E+00    13.31283835
0.840000000000001 1.448697723592590 0.000000000000000E+00    13.33738594
0.860000000000001 1.448201867199850 0.000000000000000E+00    13.36200589
0.880000000000001 1.447713301372910 0.000000000000000E+00    13.38669996
0.900000000000001 1.447230797548680 0.000000000000000E+00    13.41146985
0.920000000000001 1.446753263351070 0.000000000000000E+00    13.43631729
0.940000000000000 1.446279724914140 0.000000000000000E+00    13.46124396
0.960000000000001 1.445809311828950 0.000000000000000E+00    13.48625156
0.980000000000001 1.445341244276600 0.000000000000000E+00    13.51134175
1.000000000000000 1.444874821991690 0.000000000000000E+00    13.53651622
1.020000000000000 1.444409414763020 0.000000000000000E+00    13.56177664
1.040000000000000 1.443944454230560 0.000000000000000E+00    13.58712467
1.060000000000000 1.443479426783310 0.000000000000000E+00    13.61256201
1.080000000000000 1.443013867384780 0.000000000000000E+00    13.63809031
1.100000000000000 1.442547354198550 0.000000000000000E+00    13.66371127
1.120000000000000 1.442079503890640 0.000000000000000E+00    13.68942656
1.140000000000000 1.441609967516340 0.000000000000000E+00    13.71523788
1.160000000000000 1.441138426907650 0.000000000000000E+00    13.74114691
1.180000000000000 1.440664591494600 0.000000000000000E+00    13.76715537
1.200000000000000 1.440188195500380 0.000000000000000E+00    13.79326496
1.220000000000000 1.439708995461160 0.000000000000000E+00    13.81947740
1.240000000000000 1.439226768028740 0.000000000000000E+00    13.84579442
1.260000000000000 1.438741308018650 0.000000000000000E+00    13.87221775
1.280000000000000 1.438252426674250 0.000000000000000E+00    13.89874913
1.300000000000000 1.437759950118490 0.000000000000000E+00    13.92539033
1.320000000000000 1.437263717971270 0.000000000000000E+00    13.95214310
1.340000000000000 1.436763582112180 0.000000000000000E+00    13.97900924
1.360000000000000 1.436259405571510 0.000000000000000E+00    14.00599052
1.380000000000000 1.435751061534310 0.000000000000000E+00    14.03308874
1.400000000000000 1.435238432444580 0.000000000000000E+00    14.06030573
1.420000000000000 1.434721409198510 0.000000000000000E+00    14.08764331
1.440000000000000 1.434199890416090 0.000000000000000E+00    14.11510332
1.460000000000000 1.433673781783490 0.000000000000000E+00    14.14268761
1.480000000000000 1.433142995457390 0.000000000000000E+00    14.17039807
1.500000000000000 1.432607449525490 0.000000000000000E+00    14.19823656
1.520000000000000 1.432067067516700 0.000000000000000E+00    14.22620500
1.540000000000000 1.431521777956130 0.000000000000000E+00    14.25430531
1.560000000000000 1.430971513960080 0.000000000000000E+00    14.28253940
1.580000000000000 1.430416212867080 0.000000000000000E+00    14.31090925
1.600000000000000 1.429855815901260 0.000000000000000E+00    14.33941682
1.620000000000000 1.429290267864860 0.000000000000000E+00    14.36806410
1.640000000000000 1.428719516857100 0.000000000000000E+00    14.39685309
1.660000000000000 1.428143514016750 0.000000000000000E+00    14.42578583
1.680000000000000 1.427562213286180 0.000000000000000E+00    14.45486436
1.700000000000000 1.426975571194870 0.000000000000000E+00    14.48409075
1.720000000000000 1.426383546660530 0.000000000000000E+00    14.51346710
1.740000000000000 1.425786100806240 0.000000000000000E+00    14.54299550
1.760000000000000 1.425183196792110 0.000000000000000E+00    14.57267811
1.780000000000000 1.424574799660150 0.000000000000000E+00    14.60251708
1.800000000000000 1.423960876191220 0.000000000000000E+00    14.63251460
1.820000000000000 1.423341394772920 0.000000000000000E+00    14.66267286
1.840000000000000 1.422716325277500 0.000000000000000E+00    14.69299411
1.860000000000000 1.422085638948990 0.000000000000000E+00    14.72348061
1.880000000000000 1.421449308298570 0.000000000000000E+00    14.75413464
1.900000000000000 1.420807307007720 0.000000000000000E+00    14.78495851
1.920000000000000 1.420159609838350 0.000000000000000E+00    14.81595458
1.940000000000000 1.419506192549320 0.000000000000000E+00    14.84712521
1.960000000000000 1.418847031818930 0.000000000000000E+00    14.87847281
1.980000000000000 1.418182105172840 0.000000000000000E+00    14.90999981
2.000000000000000 1.417511390916890 0.000000000000000E+00    14.94170867
