0.200000000000000 1.549954652181170 0.000000000000000E+00 5.07404875
0.220000000000000 1.527778392743010 0.000000000000000E+00 5.09067860
0.240000000000000 1.512519876526240 0.000000000000000E+00 5.10685773
0.260000000000000 1.501436289476670 0.000000000000000E+00 5.12274858
0.280000000000000 1.493056704383690 0.000000000000000E+00 5.13844861
0.300000000000000 1.486520465309930 0.000000000000000E+00 5.15402082
0.320000000000000 1.481290791423420 0.000000000000000E+00 5.16950823
0.340000000000000 1.477016082562680 0.000000000000000E+00 5.18494153
0.360000000000000 1.473456888880760 0.000000000000000E+00 5.20034338
0.380000000000000 1.470444871758890 0.000000000000000E+00 5.21573105
0.400000000000000 1.467858507877430 0.000000000000000E+00 5.23111805
0.420000000000000 1.465608076442250 0.000000000000000E+00 5.24651519
0.440000000000000 1.463626044055430 0.000000000000000E+00 5.26193135
0.460000000000000 1.461860715871810 0.000000000000000E+00 5.27737395
0.480000000000000 1.460271931758880 0.000000000000000E+00 5.29284931
0.500000000000000 1.458828081046500 0.000000000000000E+00 5.30836295
0.520000000000000 1.457503989619230 0.000000000000000E+00 5.32391970
0.540000000000000 1.456279397352550 0.000000000000000E+00 5.33952395
0.560000000000000 1.455137843186140 0.000000000000000E+00 5.35517963
0.580000000000000 1.454065836798840 0.000000000000000E+00 5.37089042
0.600000000000000 1.453052235093210 0.000000000000000E+00 5.38665969
0.620000000000000 1.452087767210510 0.000000000000000E+00 5.40249066
0.640000000000000 1.451164668722540 0.000000000000000E+00 5.41838634
0.660000000000000 1.450276397063070 0.000000000000000E+00 5.43434965
0.680000000000000 1.449417408099290 0.000000000000000E+00 5.45038335
0.700000000000000 1.448582979197590 0.000000000000000E+00 5.46649015
0.720000000000000 1.447769067991570 0.000000000000000E+00 5.48267266
0.740000000000000 1.446972198807780 0.000000000000000E+00 5.49893343
0.760000000000000 1.446189370701300 0.000000000000000E+00 5.51527496
0.780000000000000 1.445417982505880 0.000000000000000E+00 5.53169970
0.800000000000000 1.444655771378100 0.000000000000000E+00 5.54821007
0.820000000000000 1.443900762118440 0.000000000000000E+00 5.56480846
0.840000000000000 1.443151225153980 0.000000000000000E+00 5.58149723
0.860000000000000 1.442405641525290 0.000000000000000E+00 5.59827872
0.880000000000000 1.441662673569770 0.000000000000000E+00 5.61515525
0.900000000000000 1.440921140262840 0.000000000000000E+00 5.63212914
0.920000000000000 1.440179996387810 0.000000000000000E+00 5.64920268
0.940000000000000 1.439438314867550 0.000000000000000E+00 5.66637817
0.960000000000001 1.438695271719910 0.000000000000000E+00 5.68365791
0.980000000000001 1.437950133199820 0.000000000000000E+00 5.70104418
1.000000000000000 1.437202244771290 0.000000000000000E+00 5.71853928
1.020000000000000 1.436451021617150 0.000000000000000E+00 5.73614550
1.040000000000000 1.435695940445800 0.000000000000000E+00 5.75386515
1.060000000000000 1.434936532395960 0.000000000000000E+00 5.77170054
1.080000000000000 1.434172376874150 0.000000000000000E+00 5.78965399
1.100000000000000 1.433403096187350 0.000000000000000E+00 5.80772782
1.120000000000000 1.432628350855430 0.000000000000000E+00 5.82592439
1.140000000000000 1.431847835506830 0.000000000000000E+00 5.84424606
1.160000000000000 1.431061275275880 0.000000000000000E+00 5.86269519
1.180000000000000 1.430268422633010 0.000000000000000E+00 5.88127419
1.200000000000000 1.429469054589330 0.000000000000000E+00 5.89998548
1.220000000000000 1.428662970226050 0.000000000000000E+00 5.91883148
1.240000000000000 1.427849988506320 0.000000000000000E+00 5.93781466
1.260000000000000 1.427029946333290 0.000000000000000E+00 5.95693751
1.280000000000000 1.426202696823220 0.000000000000000E+00 5.97620253
1.300000000000000 1.425368107767140 0.000000000000000E+00 5.99561226
1.320000000000000 1.424526060257720 0.000000000000000E+00 6.01516927
1.340000000000000 1.423676447461690 0.000000000000000E+00 6.03487615
1.360000000000000 1.422819173520440 0.000000000000000E+00 6.05473554
1.380000000000000 1.421954152563860 0.000000000000000E+00 6.07475010
1.400000000000000 1.421081307824280 0.000000000000000E+00 6.09492252
1.420000000000000 1.420200570839390 0.000000000000000E+00 6.11525554
1.440000000000000 1.419311880733900 0.000000000000000E+00 6.13575193
1.460000000000000 1.418415183571450 0.000000000000000E+00 6.15641450
1.480000000000000 1.417510431769080 0.000000000000000E+00 6.17724609
1.500000000000000 1.416597583567500 0.000000000000000E+00 6.19824961
1.520000000000000 1.415676602551350 0.000000000000000E+00 6.21942799
1.540000000000000 1.414747457214120 0.000000000000000E+00 6.24078421
1.560000000000000 1.413810120563190 0.000000000000000E+00 6.26232129
1.580000000000000 1.412864569760940 0.000000000000000E+00 6.28404232
1.600000000000000 1.411910785798220 0.000000000000000E+00 6.30595041
1.620000000000000 1.410948753197080 0.000000000000000E+00 6.32804875
1.640000000000000 1.409978459739700 0.000000000000000E+00 6.35034056
1.660000000000000 1.408999896221330 0.000000000000000E+00 6.37282913
1.680000000000000 1.408013056224530 0.000000000000000E+00 6.39551779
1.700000000000000 1.407017935913050 0.000000000000000E+00 6.41840994
1.720000000000000 1.406014533843300 0.000000000000000E+00 6.44150904
1.740000000000000 1.405002850791940 0.000000000000000E+00 6.46481860
1.760000000000000 1.403982889597960 0.000000000000000E+00 6.48834220
1.780000000000000 1.402954655018100 0.000000000000000E+00 6.51208349
1.800000000000000 1.401918153594370 0.000000000000000E+00 6.53604618
1.820000000000000 1.400873393532570 0.000000000000000E+00 6.56023403
1.840000000000000 1.399820384590870 0.000000000000000E+00 6.58465091
1.860000000000000 1.398759137977660 0.000000000000000E+00 6.60930073
1.880000000000000 1.397689666257780 0.000000000000000E+00 6.63418748
1.900000000000000 1.396611983266500 0.000000000000000E+00 6.65931524
1.920000000000000 1.395526104030550 0.000000000000000E+00 6.68468814
1.940000000000000 1.394432044695660 0.000000000000000E+00 6.71031042
1.960000000000000 1.393329822460150 0.000000000000000E+00 6.73618639
1.980000000000000 1.392219455513890 0.000000000000000E+00 6.76232043
2.000000000000000 1.391100962982440 0.000000000000000E+00 6.78871703
