0.200000000000000 1.550273877438650 0.000000000000000E+00    12.06298704
0.220000000000000 1.528168678734370 0.000000000000000E+00    12.08839587
0.240000000000000 1.512987198273120 0.000000000000000E+00    12.11307701
0.260000000000000 1.501986676616510 0.000000000000000E+00    12.13728140
0.280000000000000 1.493696187096900 0.000000000000000E+00    12.16115957
0.300000000000000 1.487255048610030 0.000000000000000E+00    12.18480871
0.320000000000000 1.482126441817450 0.000000000000000E+00    12.20829504
0.340000000000000 1.477958720713270 0.000000000000000E+00    12.23166562
0.360000000000000 1.474512385424100 0.000000000000000E+00    12.25495500
0.380000000000000 1.471619044889840 0.000000000000000E+00    12.27818928
0.400000000000000 1.469157121973120 0.000000000000000E+00    12.30138862
0.420000000000000 1.467036841323020 0.000000000000000E+00    12.32456888
0.440000000000000 1.465190614648040 0.000000000000000E+00    12.34774281
0.460000000000000 1.463566692135190 0.000000000000000E+00    12.37092079
0.480000000000000 1.462124858782940 0.000000000000000E+00    12.39411139
0.500000000000000 1.460833449268310 0.000000000000000E+00    12.41732181
0.520000000000000 1.459667235119020 0.000000000000000E+00    12.44055817
0.540000000000000 1.458605902203960 0.000000000000000E+00    12.46382571
0.560000000000000 1.457632935843710 0.000000000000000E+00    12.48712901
0.580000000000000 1.456734792511060 0.000000000000000E+00    12.51047211
0.600000000000000 1.455900276331220 0.000000000000000E+00    12.53385859
0.620000000000000 1.455120064107790 0.000000000000000E+00    12.55729169
0.640000000000000 1.454386339519880 0.000000000000000E+00    12.58077435
0.660000000000000 1.453692508555950 0.000000000000000E+00    12.60430930
0.680000000000000 1.453032976085090 0.000000000000000E+00    12.62789904
0.700000000000000 1.452402968920970 0.000000000000000E+00    12.65154594
0.720000000000000 1.451798394585730 0.000000000000000E+00    12.67525224
0.740000000000000 1.451215727731520 0.000000000000000E+00    12.69902005
0.760000000000000 1.450651918170670 0.000000000000000E+00    12.72285141
0.780000000000000 1.450104315919270 0.000000000000000E+00    12.74674830
0.800000000000000 1.449570609735030 0.000000000000000E+00    12.77071261
0.820000000000001 1.449048776430230 0.000000000000000E+00    12.79474622
0.840000000000001 1.448537038848870 0.000000000000000E+00    12.81885094
0.860000000000001 1.448033830843650 0.000000000000000E+00    12.84302856
0.880000000000001 1.447537767953030 0.000000000000000E+00    12.86728086
0.900000000000001 1.447047622732810 0.000000000000000E+00    12.89160956
0.920000000000001 1.446562303919010 0.000000000000000E+00    12.91601642
0.940000000000000 1.446080838749750 0.000000000000000E+00    12.94050313
0.960000000000001 1.445602357913720 0.000000000000000E+00    12.96507142
0.980000000000001 1.445126082682200 0.000000000000000E+00    12.98972298
1.000000000000000 1.444651313873000 0.000000000000000E+00    13.01445952
1.020000000000000 1.444177422351050 0.000000000000000E+00    13.03928273
1.040000000000000 1.443703840827010 0.000000000000000E+00    13.06419431
1.060000000000000 1.443230056751450 0.000000000000000E+00    13.08919595
1.080000000000000 1.442755606145800 0.000000000000000E+00    13.11428936
1.100000000000000 1.442280068223640 0.000000000000000E+00    13.13947623
1.120000000000000 1.441803060695330 0.000000000000000E+00    13.16475829
1.140000000000000 1.441324235654160 0.000000000000000E+00    13.19013723
1.160000000000000 1.440843275964560 0.000000000000000E+00    13.21561477
1.180000000000000 1.440359892083080 0.000000000000000E+00    13.24119265
1.200000000000000 1.439873819253730 0.000000000000000E+00    13.26687260
1.220000000000000 1.439384815028140 0.000000000000000E+00    13.29265634
1.240000000000000 1.438892657067980 0.000000000000000E+00    13.31854565
1.260000000000000 1.438397141193750 0.000000000000000E+00    13.34454226
1.280000000000000 1.437898079648480 0.000000000000000E+00    13.37064795
1.300000000000000 1.437395299549890 0.000000000000000E+00    13.39686450
1.320000000000000 1.436888641507870 0.000000000000000E+00    13.42319370
1.340000000000000 1.436377958387350 0.000000000000000E+00    13.44963735
1.360000000000000 1.435863114199430 0.000000000000000E+00    13.47619725
1.380000000000000 1.435343983105540 0.000000000000000E+00    13.50287524
1.400000000000000 1.434820448521920 0.000000000000000E+00    13.52967315
1.420000000000000 1.434292402312760 0.000000000000000E+00    13.55659283
1.440000000000000 1.433759744062390 0.000000000000000E+00    13.58363614
1.460000000000000 1.433222380417210 0.000000000000000E+00    13.61080498
1.480000000000000 1.432680224490670 0.000000000000000E+00    13.63810122
1.500000000000000 1.432133195323660 0.000000000000000E+00    13.66552678
1.520000000000000 1.431581217394960 0.000000000000000E+00    13.69308358
1.540000000000000 1.431024220176330 0.000000000000000E+00    13.72077358
1.560000000000000 1.430462137727680 0.000000000000000E+00    13.74859872
1.580000000000000 1.429894908328260 0.000000000000000E+00    13.77656099
1.600000000000000 1.429322474140130 0.000000000000000E+00    13.80466238
1.620000000000000 1.428744780900930 0.000000000000000E+00    13.83290491
1.640000000000000 1.428161777642800 0.000000000000000E+00    13.86129061
1.660000000000000 1.427573416435180 0.000000000000000E+00    13.88982153
1.680000000000000 1.426979652148960 0.000000000000000E+00    13.91849976
1.700000000000000 1.426380442240200 0.000000000000000E+00    13.94732740
1.720000000000000 1.425775746551390 0.000000000000000E+00    13.97630655
1.740000000000000 1.425165527128760 0.000000000000000E+00    14.00543937
1.760000000000000 1.424549748054080 0.000000000000000E+00    14.03472802
1.780000000000000 1.423928375289710 0.000000000000000E+00    14.06417469
1.800000000000000 1.423301376535750 0.000000000000000E+00    14.09378160
1.820000000000000 1.422668721098040 0.000000000000000E+00    14.12355098
1.840000000000000 1.422030379766290 0.000000000000000E+00    14.15348511
1.860000000000000 1.421386324701320 0.000000000000000E+00    14.18358628
1.880000000000000 1.420736529330700 0.000000000000000E+00    14.21385681
1.900000000000000 1.420080968251970 0.000000000000000E+00    14.24429905
1.920000000000000 1.419419617143030 0.000000000000000E+00    14.27491539
1.940000000000000 1.418752452678770 0.000000000000000E+00    14.30570823
1.960000000000000 1.418079452453820 0.000000000000000E+00    14.33668001
1.980000000000000 1.417400594910570 0.000000000000000E+00    14.36783321
2.000000000000000 1.416715859272220 0.000000000000000E+00    14.39917033
