0.200000000000000 1.550389598477620 0.000000000000000E+00    24.10101181
0.220000000000000 1.528310344824010 0.000000000000000E+00    24.13675521
0.240000000000000 1.513157040953360 0.000000000000000E+00    24.17144393
0.260000000000000 1.502186954469270 0.000000000000000E+00    24.20543342
0.280000000000000 1.493929166055150 0.000000000000000E+00    24.23893692
0.300000000000000 1.487522992528530 0.000000000000000E+00    24.27209214
0.320000000000000 1.482431607521670 0.000000000000000E+00    24.30499289
0.340000000000000 1.478303355223170 0.000000000000000E+00    24.33770582
0.360000000000000 1.474898724322770 0.000000000000000E+00    24.37027988
0.380000000000000 1.472049311334220 0.000000000000000E+00    24.40275196
0.400000000000000 1.469633526083470 0.000000000000000E+00    24.43515055
0.420000000000000 1.467561579805370 0.000000000000000E+00    24.46749805
0.440000000000000 1.465765870564900 0.000000000000000E+00    24.49981238
0.460000000000000 1.464194634773340 0.000000000000000E+00    24.53210810
0.480000000000000 1.462807643586360 0.000000000000000E+00    24.56439717
0.500000000000000 1.461573217815890 0.000000000000000E+00    24.59668958
0.520000000000000 1.460466115132990 0.000000000000000E+00    24.62899372
0.540000000000000 1.459466007580510 0.000000000000000E+00    24.66131675
0.560000000000000 1.458556366699090 0.000000000000000E+00    24.69366481
0.580000000000000 1.457723635238770 0.000000000000000E+00    24.72604323
0.600000000000000 1.456956603667230 0.000000000000000E+00    24.75845667
0.620000000000000 1.456245935201530 0.000000000000000E+00    24.79090925
0.640000000000000 1.455583800009300 0.000000000000000E+00    24.82340464
0.660000000000000 1.454963590645390 0.000000000000000E+00    24.85594611
0.680000000000000 1.454379698625090 0.000000000000000E+00    24.88853664
0.700000000000000 1.453827337489200 0.000000000000000E+00    24.92117895
0.720000000000000 1.453302401568780 0.000000000000000E+00    24.95387551
0.740000000000000 1.452801352406780 0.000000000000000E+00    24.98662864
0.760000000000000 1.452321126788270 0.000000000000000E+00    25.01944047
0.780000000000000 1.451859061783710 0.000000000000000E+00    25.05231302
0.800000000000000 1.451412833286090 0.000000000000000E+00    25.08524820
0.820000000000001 1.450980405324230 0.000000000000000E+00    25.11824780
0.840000000000001 1.450559988037250 0.000000000000000E+00    25.15131357
0.860000000000001 1.450150002652650 0.000000000000000E+00    25.18444716
0.880000000000001 1.449749052161320 0.000000000000000E+00    25.21765018
0.900000000000001 1.449355896648590 0.000000000000000E+00    25.25092420
0.920000000000001 1.448969432455520 0.000000000000000E+00    25.28427073
0.940000000000000 1.448588674501010 0.000000000000000E+00    25.31769129
0.960000000000001 1.448212741226920 0.000000000000000E+00    25.35118732
0.980000000000001 1.447840841731090 0.000000000000000E+00    25.38476029
1.000000000000000 1.447472264728870 0.000000000000000E+00    25.41841163
1.020000000000000 1.447106369053190 0.000000000000000E+00    25.45214276
1.040000000000000 1.446742575451120 0.000000000000000E+00    25.48595511
1.060000000000000 1.446380359478390 0.000000000000000E+00    25.51985007
1.080000000000000 1.446019245326800 0.000000000000000E+00    25.55382907
1.100000000000000 1.445658800446390 0.000000000000000E+00    25.58789351
1.120000000000000 1.445298630847730 0.000000000000000E+00    25.62204480
1.140000000000000 1.444938376987120 0.000000000000000E+00    25.65628436
1.160000000000000 1.444577710153350 0.000000000000000E+00    25.69061360
1.180000000000000 1.444216329287880 0.000000000000000E+00    25.72503396
1.200000000000000 1.443853958177720 0.000000000000000E+00    25.75954686
1.220000000000000 1.443490342976220 0.000000000000000E+00    25.79415375
1.240000000000000 1.443125250002440 0.000000000000000E+00    25.82885609
1.260000000000000 1.442758463789420 0.000000000000000E+00    25.86365532
1.280000000000000 1.442389785346690 0.000000000000000E+00    25.89855293
1.300000000000000 1.442019030610160 0.000000000000000E+00    25.93355038
1.320000000000000 1.441646029060080 0.000000000000000E+00    25.96864920
1.340000000000000 1.441270622480880 0.000000000000000E+00    26.00385086
1.360000000000000 1.440892663851690 0.000000000000000E+00    26.03915691
1.380000000000000 1.440512016349160 0.000000000000000E+00    26.07456886
1.400000000000000 1.440128552450450 0.000000000000000E+00    26.11008827
1.420000000000000 1.439742153125260 0.000000000000000E+00    26.14571670
1.440000000000000 1.439352707106150 0.000000000000000E+00    26.18145571
1.460000000000000 1.438960110229750 0.000000000000000E+00    26.21730690
1.480000000000000 1.438564264840020 0.000000000000000E+00    26.25327187
1.500000000000000 1.438165079247090 0.000000000000000E+00    26.28935225
1.520000000000000 1.437762467236660 0.000000000000000E+00    26.32554965
1.540000000000000 1.437356347623470 0.000000000000000E+00    26.36186573
1.560000000000000 1.436946643845170 0.000000000000000E+00    26.39830216
1.580000000000000 1.436533283591950 0.000000000000000E+00    26.43486062
1.600000000000000 1.436116198468750 0.000000000000000E+00    26.47154280
1.620000000000000 1.435695323686370 0.000000000000000E+00    26.50835041
1.640000000000000 1.435270597779120 0.000000000000000E+00    26.54528519
1.660000000000000 1.434841962346010 0.000000000000000E+00    26.58234889
1.680000000000000 1.434409361813520 0.000000000000000E+00    26.61954327
1.700000000000000 1.433972743217760 0.000000000000000E+00    26.65687011
1.720000000000000 1.433532056004220 0.000000000000000E+00    26.69433121
1.740000000000000 1.433087251843520 0.000000000000000E+00    26.73192840
1.760000000000000 1.432638284461800 0.000000000000000E+00    26.76966351
1.780000000000000 1.432185109484070 0.000000000000000E+00    26.80753839
1.800000000000000 1.431727684289880 0.000000000000000E+00    26.84555494
1.820000000000000 1.431265967879650 0.000000000000000E+00    26.88371504
1.840000000000000 1.430799920751180 0.000000000000000E+00    26.92202061
1.860000000000000 1.430329504785550 0.000000000000000E+00    26.96047359
1.880000000000000 1.429854683140720 0.000000000000000E+00    26.99907593
1.900000000000000 1.429375420153340 0.000000000000000E+00    27.03782963
1.920000000000000 1.428891681247360 0.000000000000000E+00    27.07673667
1.940000000000000 1.428403432849040 0.000000000000000E+00    27.11579910
1.960000000000000 1.427910642307990 0.000000000000000E+00    27.15501894
1.980000000000000 1.427413277823340 0.000000000000000E+00    27.19439828
2.000000000000000 1.426911308375180 0.000000000000000E+00    27.23393921
