0.200000000000000 1.549318090268680 0.000000000000000E+00 2.35513014
0.220000000000000 1.527001629103740 0.000000000000000E+00 2.36659398
0.240000000000000 1.511591519221710 0.000000000000000E+00 2.37777041
0.260000000000000 1.500344892774240 0.000000000000000E+00 2.38877028
0.280000000000000 1.491790875434960 0.000000000000000E+00 2.39966046
0.300000000000000 1.485068914129350 0.000000000000000E+00 2.41048457
0.320000000000000 1.479642356172270 0.000000000000000E+00 2.42127278
0.340000000000000 1.475159742874560 0.000000000000000E+00 2.43204706
0.360000000000000 1.471381772918670 0.000000000000000E+00 2.44282405
0.380000000000000 1.468140259780990 0.000000000000000E+00 2.45361683
0.400000000000000 1.465313833762540 0.000000000000000E+00 2.46443599
0.420000000000000 1.462812927980450 0.000000000000000E+00 2.47529039
0.440000000000000 1.460570162469110 0.000000000000000E+00 2.48618756
0.460000000000000 1.458533994849390 0.000000000000000E+00 2.49713412
0.480000000000000 1.456664416176670 0.000000000000000E+00 2.50813592
0.500000000000000 1.454929965490440 0.000000000000000E+00 2.51919829
0.520000000000000 1.453305616782450 0.000000000000000E+00 2.53032609
0.540000000000000 1.451771256358800 0.000000000000000E+00 2.54152386
0.560000000000000 1.450310567872190 0.000000000000000E+00 2.55279585
0.580000000000000 1.448910203981860 0.000000000000000E+00 2.56414610
0.600000000000000 1.447559162838690 0.000000000000000E+00 2.57557845
0.620000000000000 1.446248313114850 0.000000000000000E+00 2.58709663
0.640000000000000 1.444970028218200 0.000000000000000E+00 2.59870421
0.660000000000000 1.443717901753740 0.000000000000000E+00 2.61040471
0.680000000000000 1.442486524129950 0.000000000000000E+00 2.62220153
0.700000000000000 1.441271305663930 0.000000000000000E+00 2.63409806
0.720000000000000 1.440068335390360 0.000000000000000E+00 2.64609760
0.740000000000000 1.438874267532270 0.000000000000000E+00 2.65820345
0.760000000000000 1.437686229582540 0.000000000000000E+00 2.67041886
0.780000000000000 1.436501747401240 0.000000000000000E+00 2.68274708
0.800000000000000 1.435318683808550 0.000000000000000E+00 2.69519136
0.820000000000000 1.434135187955340 0.000000000000000E+00 2.70775494
0.840000000000000 1.432949653356030 0.000000000000000E+00 2.72044106
0.860000000000000 1.431760682926220 0.000000000000000E+00 2.73325301
0.880000000000000 1.430567059717220 0.000000000000000E+00 2.74619406
0.900000000000000 1.429367722308840 0.000000000000000E+00 2.75926753
0.920000000000000 1.428161744030850 0.000000000000000E+00 2.77247676
0.940000000000000 1.426948315346720 0.000000000000000E+00 2.78582513
0.960000000000001 1.425726728861060 0.000000000000000E+00 2.79931607
0.980000000000001 1.424496366513820 0.000000000000000E+00 2.81295303
1.000000000000000 1.423256688604440 0.000000000000000E+00 2.82673954
1.020000000000000 1.422007224353700 0.000000000000000E+00 2.84067915
1.040000000000000 1.420747563762580 0.000000000000000E+00 2.85477549
1.060000000000000 1.419477350568910 0.000000000000000E+00 2.86903224
1.080000000000000 1.418196276136840 0.000000000000000E+00 2.88345316
1.100000000000000 1.416904074141160 0.000000000000000E+00 2.89804204
1.120000000000000 1.415600515931410 0.000000000000000E+00 2.91280280
1.140000000000000 1.414285406478930 0.000000000000000E+00 2.92773937
1.160000000000000 1.412958580825490 0.000000000000000E+00 2.94285582
1.180000000000000 1.411619900964530 0.000000000000000E+00 2.95815626
1.200000000000000 1.410269253096610 0.000000000000000E+00 2.97364491
1.220000000000000 1.408906545209480 0.000000000000000E+00 2.98932606
1.240000000000000 1.407531704940350 0.000000000000000E+00 3.00520411
1.260000000000000 1.406144677684080 0.000000000000000E+00 3.02128357
1.280000000000000 1.404745424916370 0.000000000000000E+00 3.03756901
1.300000000000000 1.403333922705020 0.000000000000000E+00 3.05406514
1.320000000000000 1.401910160386380 0.000000000000000E+00 3.07077676
1.340000000000000 1.400474139386960 0.000000000000000E+00 3.08770881
1.360000000000000 1.399025872173060 0.000000000000000E+00 3.10486632
1.380000000000000 1.397565381313350 0.000000000000000E+00 3.12225444
1.400000000000000 1.396092698641400 0.000000000000000E+00 3.13987847
1.420000000000000 1.394607864506790 0.000000000000000E+00 3.15774382
1.440000000000000 1.393110927104890 0.000000000000000E+00 3.17585603
1.460000000000000 1.391601941876600 0.000000000000000E+00 3.19422080
1.480000000000000 1.390080970970320 0.000000000000000E+00 3.21284395
1.500000000000000 1.388548082759680 0.000000000000000E+00 3.23173146
1.520000000000000 1.387003351410830 0.000000000000000E+00 3.25088947
1.540000000000000 1.385446856494350 0.000000000000000E+00 3.27032426
1.560000000000000 1.383878682636910 0.000000000000000E+00 3.29004228
1.580000000000000 1.382298919208850 0.000000000000000E+00 3.31005015
1.600000000000000 1.380707660043860 0.000000000000000E+00 3.33035466
1.620000000000000 1.379105003187720 0.000000000000000E+00 3.35096279
1.640000000000000 1.377491050673050 0.000000000000000E+00 3.37188169
1.660000000000000 1.375865908317680 0.000000000000000E+00 3.39311871
1.680000000000000 1.374229685544290 0.000000000000000E+00 3.41468139
1.700000000000000 1.372582495219320 0.000000000000000E+00 3.43657749
1.720000000000000 1.370924453509210 0.000000000000000E+00 3.45881495
1.740000000000000 1.369255679752530 0.000000000000000E+00 3.48140195
1.760000000000000 1.367576296346350 0.000000000000000E+00 3.50434690
1.780000000000000 1.365886428645630 0.000000000000000E+00 3.52765842
1.800000000000000 1.364186204874330 0.000000000000000E+00 3.55134537
1.820000000000000 1.362475756047310 0.000000000000000E+00 3.57541688
1.840000000000000 1.360755215901870 0.000000000000000E+00 3.59988230
1.860000000000000 1.359024720838180 0.000000000000000E+00 3.62475127
1.880000000000000 1.357284409867710 0.000000000000000E+00 3.65003369
1.900000000000000 1.355534424568910 0.000000000000000E+00 3.67573973
1.920000000000000 1.353774909049560 0.000000000000000E+00 3.70187986
1.940000000000000 1.352006009915100 3.139710713639940E-13 3.72846485
1.960000000000000 1.350227876242320 4.654054919228660E-13 3.75550577
1.980000000000000 1.348440659558030 6.820100040272340E-13 3.78301401
2.000000000000000 1.346644513822120 9.902079156631770E-13 3.81100129
