0.200000000000000 1.549512722698050 0.000000000000000E+00 2.81641149
0.220000000000000 1.527238954850890 0.000000000000000E+00 2.82890845
0.240000000000000 1.511874961329100 0.000000000000000E+00 2.84108518
0.260000000000000 1.500677884590830 0.000000000000000E+00 2.85306276
0.280000000000000 1.492176828161630 0.000000000000000E+00 2.86491407
0.300000000000000 1.485511201714880 0.000000000000000E+00 2.87668644
0.320000000000000 1.480144307761550 0.000000000000000E+00 2.88841249
0.340000000000000 1.475724638910090 0.000000000000000E+00 2.90011581
0.360000000000000 1.472012843154000 0.000000000000000E+00 2.91181409
0.380000000000000 1.468840682357050 0.000000000000000E+00 2.92352113
0.400000000000000 1.466086734901610 0.000000000000000E+00 2.93524800
0.420000000000000 1.463661382052590 0.000000000000000E+00 2.94700385
0.440000000000000 1.461497192287970 0.000000000000000E+00 2.95879639
0.460000000000000 1.459542572111790 0.000000000000000E+00 2.97063231
0.480000000000000 1.457757461990630 0.000000000000000E+00 2.98251751
0.500000000000000 1.456110350960710 0.000000000000000E+00 2.99445728
0.520000000000000 1.454576163626620 0.000000000000000E+00 3.00645643
0.540000000000000 1.453134737540660 0.000000000000000E+00 3.01851940
0.560000000000000 1.451769708242210 0.000000000000000E+00 3.03065034
0.580000000000000 1.450467680916330 0.000000000000000E+00 3.04285315
0.600000000000000 1.449217606872290 0.000000000000000E+00 3.05513157
0.620000000000000 1.448010308563760 0.000000000000000E+00 3.06748913
0.640000000000000 1.446838113789760 0.000000000000000E+00 3.07992926
0.660000000000000 1.445694571141090 0.000000000000000E+00 3.09245530
0.680000000000000 1.444574226590080 0.000000000000000E+00 3.10507046
0.700000000000000 1.443472446577820 0.000000000000000E+00 3.11777793
0.720000000000000 1.442385276804360 0.000000000000000E+00 3.13058080
0.740000000000000 1.441309328679890 0.000000000000000E+00 3.14348214
0.760000000000000 1.440241687386250 0.000000000000000E+00 3.15648498
0.780000000000000 1.439179836953630 0.000000000000000E+00 3.16959232
0.800000000000000 1.438121598832790 0.000000000000000E+00 3.18280714
0.820000000000000 1.437065081244490 0.000000000000000E+00 3.19613242
0.840000000000000 1.436008637191070 0.000000000000000E+00 3.20957112
0.860000000000000 1.434950829472710 0.000000000000000E+00 3.22312620
0.880000000000000 1.433890401400410 0.000000000000000E+00 3.23680065
0.900000000000000 1.432826252167250 0.000000000000000E+00 3.25059745
0.920000000000000 1.431757416048290 0.000000000000000E+00 3.26451959
0.940000000000000 1.430683044762680 0.000000000000000E+00 3.27857010
0.960000000000001 1.429602392459590 0.000000000000000E+00 3.29275202
0.980000000000001 1.428514802890860 0.000000000000000E+00 3.30706841
1.000000000000000 1.427419698413720 0.000000000000000E+00 3.32152238
1.020000000000000 1.426316570531260 0.000000000000000E+00 3.33611707
1.040000000000000 1.425204971729970 0.000000000000000E+00 3.35085565
1.060000000000000 1.424084508415240 0.000000000000000E+00 3.36574132
1.080000000000000 1.422954834779720 0.000000000000000E+00 3.38077735
1.100000000000000 1.421815647466680 0.000000000000000E+00 3.39596705
1.120000000000000 1.420666680913250 0.000000000000000E+00 3.41131377
1.140000000000000 1.419507703276780 0.000000000000000E+00 3.42682092
1.160000000000000 1.418338512862900 0.000000000000000E+00 3.44249196
1.180000000000000 1.417158934986290 0.000000000000000E+00 3.45833042
1.200000000000000 1.415968819205840 0.000000000000000E+00 3.47433989
1.220000000000000 1.414768036884550 0.000000000000000E+00 3.49052401
1.240000000000000 1.413556479031800 0.000000000000000E+00 3.50688652
1.260000000000000 1.412334054391720 0.000000000000000E+00 3.52343118
1.280000000000000 1.411100687746560 0.000000000000000E+00 3.54016188
1.300000000000000 1.409856318408470 0.000000000000000E+00 3.55708255
1.320000000000000 1.408600898876480 0.000000000000000E+00 3.57419720
1.340000000000000 1.407334393638880 0.000000000000000E+00 3.59150995
1.360000000000000 1.406056778103660 0.000000000000000E+00 3.60902498
1.380000000000000 1.404768037642140 0.000000000000000E+00 3.62674657
1.400000000000000 1.403468166732640 0.000000000000000E+00 3.64467908
1.420000000000000 1.402157168192910 0.000000000000000E+00 3.66282698
1.440000000000000 1.400835052491310 0.000000000000000E+00 3.68119483
1.460000000000000 1.399501837128110 0.000000000000000E+00 3.69978729
1.480000000000000 1.398157546079260 0.000000000000000E+00 3.71860912
1.500000000000000 1.396802209295850 0.000000000000000E+00 3.73766521
1.520000000000000 1.395435862253490 0.000000000000000E+00 3.75696053
1.540000000000000 1.394058545546240 0.000000000000000E+00 3.77650019
1.560000000000000 1.392670304520620 0.000000000000000E+00 3.79628941
1.580000000000000 1.391271188945530 0.000000000000000E+00 3.81633353
1.600000000000000 1.389861252714530 0.000000000000000E+00 3.83663801
1.620000000000000 1.388440553577200 0.000000000000000E+00 3.85720845
1.640000000000000 1.387009152896800 0.000000000000000E+00 3.87805059
1.660000000000000 1.385567115431590 0.000000000000000E+00 3.89917030
1.680000000000000 1.384114509137700 0.000000000000000E+00 3.92057358
1.700000000000000 1.382651404991290 0.000000000000000E+00 3.94226659
1.720000000000000 1.381177876828400 0.000000000000000E+00 3.96425565
1.740000000000000 1.379694001200760 0.000000000000000E+00 3.98654721
1.760000000000000 1.378199857246110 0.000000000000000E+00 4.00914791
1.780000000000000 1.376695526571690 0.000000000000000E+00 4.03206454
1.800000000000000 1.375181093149850 0.000000000000000E+00 4.05530405
1.820000000000000 1.373656643224490 0.000000000000000E+00 4.07887359
1.840000000000000 1.372122265227620 0.000000000000000E+00 4.10278047
1.860000000000000 1.370578049704950 0.000000000000000E+00 4.12703219
1.880000000000000 1.369024089249950 0.000000000000000E+00 4.15163646
1.900000000000000 1.367460478445380 0.000000000000000E+00 4.17660117
1.920000000000000 1.365887313811980 0.000000000000000E+00 4.20193442
1.940000000000000 1.364304693763420 0.000000000000000E+00 4.22764452
1.960000000000000 1.362712718567200 0.000000000000000E+00 4.25373998
1.980000000000000 1.361111490310900 0.000000000000000E+00 4.28022958
2.000000000000000 1.359501112873370 0.000000000000000E+00 4.30712227
