0.200000000000000 1.549198573659950 0.000000000000000E+00 2.13993935
0.220000000000000 1.526855962615940 0.000000000000000E+00 2.15088363
0.240000000000000 1.511417623663450 0.000000000000000E+00 2.16155719
0.260000000000000 1.500140684894140 0.000000000000000E+00 2.17206577
0.280000000000000 1.491554287780450 0.000000000000000E+00 2.18247326
0.300000000000000 1.484797904246280 0.000000000000000E+00 2.19282138
0.320000000000000 1.479334911167020 0.000000000000000E+00 2.20313913
0.340000000000000 1.474813881734640 0.000000000000000E+00 2.21344769
0.360000000000000 1.470995547661400 0.000000000000000E+00 2.22376316
0.380000000000000 1.467711755952410 0.000000000000000E+00 2.23409828
0.400000000000000 1.464841170559620 0.000000000000000E+00 2.24446342
0.420000000000000 1.462294258147070 0.000000000000000E+00 2.25486726
0.440000000000000 1.460003672054750 0.000000000000000E+00 2.26531729
0.460000000000000 1.457917902881960 0.000000000000000E+00 2.27582006
0.480000000000000 1.455996974282550 0.000000000000000E+00 2.28638143
0.500000000000000 1.454209457485600 0.000000000000000E+00 2.29700672
0.520000000000000 1.452530358244160 0.000000000000000E+00 2.30770086
0.540000000000000 1.450939594191000 0.000000000000000E+00 2.31846840
0.560000000000000 1.449420879869820 0.000000000000000E+00 2.32931369
0.580000000000000 1.447960898398590 0.000000000000000E+00 2.34024080
0.600000000000000 1.446548677961460 0.000000000000000E+00 2.35125370
0.620000000000000 1.445175116847720 0.000000000000000E+00 2.36235617
0.640000000000000 1.443832617677110 0.000000000000000E+00 2.37355191
0.660000000000000 1.442514802873490 0.000000000000000E+00 2.38484453
0.680000000000000 1.441216291284500 0.000000000000000E+00 2.39623756
0.700000000000000 1.439932521300600 0.000000000000000E+00 2.40773450
0.720000000000000 1.438659609678610 0.000000000000000E+00 2.41933879
0.740000000000000 1.437394238027370 0.000000000000000E+00 2.43105386
0.760000000000000 1.436133560904600 0.000000000000000E+00 2.44288312
0.780000000000000 1.434875130929680 0.000000000000000E+00 2.45482997
0.800000000000000 1.433616837392290 0.000000000000000E+00 2.46689784
0.820000000000000 1.432356855638810 0.000000000000000E+00 2.47909012
0.840000000000000 1.431093605121030 0.000000000000000E+00 2.49141027
0.860000000000000 1.429825714449800 0.000000000000000E+00 2.50386174
0.880000000000000 1.428551992145420 0.000000000000000E+00 2.51644803
0.900000000000000 1.427271402046420 0.000000000000000E+00 2.52917267
0.920000000000000 1.425983042546960 0.000000000000000E+00 2.54203921
0.940000000000000 1.424686128996410 0.000000000000000E+00 2.55505130
0.960000000000001 1.423379978722600 0.000000000000000E+00 2.56821258
0.980000000000001 1.422063998241780 0.000000000000000E+00 2.58152678
1.000000000000000 1.420737672298400 0.000000000000000E+00 2.59499770
1.020000000000000 1.419400554442540 0.000000000000000E+00 2.60862918
1.040000000000000 1.418052258904190 0.000000000000000E+00 2.62242514
1.060000000000000 1.416692453565280 0.000000000000000E+00 2.63638957
1.080000000000000 1.415320853864360 0.000000000000000E+00 2.65052656
1.100000000000000 1.413937217496050 0.000000000000000E+00 2.66484025
1.120000000000000 1.412541339790080 0.000000000000000E+00 2.67933488
1.140000000000000 1.411133049673290 0.000000000000000E+00 2.69401479
1.160000000000000 1.409712206132890 0.000000000000000E+00 2.70888440
1.180000000000000 1.408278695112380 0.000000000000000E+00 2.72394825
1.200000000000000 1.406832426781410 0.000000000000000E+00 2.73921095
1.220000000000000 1.405373333130240 0.000000000000000E+00 2.75467725
1.240000000000000 1.403901365846140 0.000000000000000E+00 2.77035199
1.260000000000000 1.402416494435740 0.000000000000000E+00 2.78624014
1.280000000000000 1.400918704562070 0.000000000000000E+00 2.80234679
1.300000000000000 1.399407996569700 0.000000000000000E+00 2.81867714
1.320000000000000 1.397884384174820 0.000000000000000E+00 2.83523653
1.340000000000000 1.396347893300450 0.000000000000000E+00 2.85203044
1.360000000000000 1.394798561039430 0.000000000000000E+00 2.86906448
1.380000000000000 1.393236434730370 0.000000000000000E+00 2.88634441
1.400000000000000 1.391661571133290 0.000000000000000E+00 2.90387613
1.420000000000000 1.390074035693800 0.000000000000000E+00 2.92166570
1.440000000000000 1.388473901885800 0.000000000000000E+00 2.93971935
1.460000000000000 1.386861250623970 0.000000000000000E+00 2.95804345
1.480000000000000 1.385236169738480 0.000000000000000E+00 2.97664457
1.500000000000000 1.383598753505150 0.000000000000000E+00 2.99552942
1.520000000000000 1.381949102225220 0.000000000000000E+00 3.01470494
1.540000000000000 1.380287321849430 0.000000000000000E+00 3.03417821
1.560000000000000 1.378613523641860 0.000000000000000E+00 3.05395653
1.580000000000000 1.376927823879410 0.000000000000000E+00 3.07404740
1.600000000000000 1.375230343583350 0.000000000000000E+00 3.09445853
1.620000000000000 1.373521208279590 0.000000000000000E+00 3.11519783
1.640000000000000 1.371800547784990 0.000000000000000E+00 3.13627344
1.660000000000000 1.370068496016930 0.000000000000000E+00 3.15769374
1.680000000000000 1.368325190824050 0.000000000000000E+00 3.17946732
1.700000000000000 1.366570773835950 0.000000000000000E+00 3.20160305
1.720000000000000 1.364805390330140 0.000000000000000E+00 3.22411002
1.740000000000000 1.363029189114460 0.000000000000000E+00 3.24699760
1.760000000000000 1.361242322423590 0.000000000000000E+00 3.27027542
1.780000000000000 1.359444945828210 0.000000000000000E+00 3.29395341
1.800000000000000 1.357637218155640 0.000000000000000E+00 3.31804175
1.820000000000000 1.355819301420900 0.000000000000000E+00 3.34255095
1.840000000000000 1.353991360767040 2.506883589603600E-13 3.36749182
1.860000000000000 1.352153564413970 3.803624082365790E-13 3.39287548
1.880000000000000 1.350306083614890 5.702105454474800E-13 3.41871339
1.900000000000000 1.348449092619510 8.455180999789040E-13 3.44501733
1.920000000000000 1.346582768643500 1.241826086406660E-12 3.47179944
1.940000000000000 1.344707291843270 1.807498649451090E-12 3.49907224
1.960000000000000 1.342822845295750 2.609357608457370E-12 3.52684859
1.980000000000000 1.340929614982450 3.737510301249360E-12 3.55514176
2.000000000000000 1.339027789777270 5.313912558677780E-12 3.58396541
