0.200000000000000 1.550340869013470 0.000000000000000E+00    16.96962211
0.220000000000000 1.528250674548120 0.000000000000000E+00    16.99968432
0.240000000000000 1.513085484647590 0.000000000000000E+00    17.02887182
0.260000000000000 1.502102554904130 0.000000000000000E+00    17.05748257
0.280000000000000 1.493830962286800 0.000000000000000E+00    17.08569526
0.300000000000000 1.487410023876420 0.000000000000000E+00    17.11362530
0.320000000000000 1.482302915660980 0.000000000000000E+00    17.14135129
0.340000000000000 1.478157985361630 0.000000000000000E+00    17.16892910
0.360000000000000 1.474735725895400 0.000000000000000E+00    17.19639972
0.380000000000000 1.471867738427490 0.000000000000000E+00    17.22379411
0.400000000000000 1.469432437700040 0.000000000000000E+00    17.25113615
0.420000000000000 1.467340040030350 0.000000000000000E+00    17.27844462
0.440000000000000 1.465522948669940 0.000000000000000E+00    17.30573457
0.460000000000000 1.463929405279300 0.000000000000000E+00    17.33301823
0.480000000000000 1.462519186298700 0.000000000000000E+00    17.36030569
0.500000000000000 1.461260617840930 0.000000000000000E+00    17.38760535
0.520000000000000 1.460128462881140 0.000000000000000E+00    17.41492431
0.540000000000000 1.459102398760090 0.000000000000000E+00    17.44226864
0.560000000000000 1.458165902303390 0.000000000000000E+00    17.46964357
0.580000000000000 1.457305421528550 0.000000000000000E+00    17.49705366
0.600000000000000 1.456509752149450 0.000000000000000E+00    17.52450293
0.620000000000000 1.455769562605590 0.000000000000000E+00    17.55199495
0.640000000000000 1.455077028261630 0.000000000000000E+00    17.57953293
0.660000000000000 1.454425546842640 0.000000000000000E+00    17.60711978
0.680000000000000 1.453809515006240 0.000000000000000E+00    17.63475815
0.700000000000000 1.453224151407420 0.000000000000000E+00    17.66245050
0.720000000000000 1.452665355462400 0.000000000000000E+00    17.69019911
0.740000000000000 1.452129593770470 0.000000000000000E+00    17.71800612
0.760000000000000 1.451613808143920 0.000000000000000E+00    17.74587356
0.780000000000000 1.451115340651500 0.000000000000000E+00    17.77380333
0.800000000000000 1.450631872155050 0.000000000000000E+00    17.80179730
0.820000000000001 1.450161371624150 0.000000000000000E+00    17.82985724
0.840000000000001 1.449702054109630 0.000000000000000E+00    17.85798486
0.860000000000001 1.449252345722650 0.000000000000000E+00    17.88618186
0.880000000000001 1.448810854309230 0.000000000000000E+00    17.91444986
0.900000000000001 1.448376344782800 0.000000000000000E+00    17.94279048
0.920000000000001 1.447947718284780 0.000000000000000E+00    17.97120532
0.940000000000000 1.447523994507260 0.000000000000000E+00    17.99969593
0.960000000000001 1.447104296639070 0.000000000000000E+00    18.02826387
0.980000000000001 1.446687838498290 0.000000000000000E+00    18.05691070
1.000000000000000 1.446273913495000 0.000000000000000E+00    18.08563794
1.020000000000000 1.445861885131150 0.000000000000000E+00    18.11444715
1.040000000000000 1.445451178798180 0.000000000000000E+00    18.14333984
1.060000000000000 1.445041274670880 0.000000000000000E+00    18.17231756
1.080000000000000 1.444631701536270 0.000000000000000E+00    18.20138183
1.100000000000000 1.444222031415810 0.000000000000000E+00    18.23053420
1.120000000000000 1.443811874867970 0.000000000000000E+00    18.25977621
1.140000000000000 1.443400876874000 0.000000000000000E+00    18.28910940
1.160000000000000 1.442988713225220 0.000000000000000E+00    18.31853534
1.180000000000000 1.442575087343240 0.000000000000000E+00    18.34805557
1.200000000000000 1.442159727474030 0.000000000000000E+00    18.37767168
1.220000000000000 1.441742384208070 0.000000000000000E+00    18.40738524
1.240000000000000 1.441322828281090 0.000000000000000E+00    18.43719783
1.260000000000000 1.440900848622440 0.000000000000000E+00    18.46711106
1.280000000000000 1.440476250617760 0.000000000000000E+00    18.49712652
1.300000000000000 1.440048854560380 0.000000000000000E+00    18.52724585
1.320000000000000 1.439618494267840 0.000000000000000E+00    18.55747066
1.340000000000000 1.439185015843910 0.000000000000000E+00    18.58780260
1.360000000000000 1.438748276568930 0.000000000000000E+00    18.61824331
1.380000000000000 1.438308143902930 0.000000000000000E+00    18.64879446
1.400000000000000 1.437864494589370 0.000000000000000E+00    18.67945774
1.420000000000000 1.437417213847120 0.000000000000000E+00    18.71023482
1.440000000000000 1.436966194642110 0.000000000000000E+00    18.74112740
1.460000000000000 1.436511337028210 0.000000000000000E+00    18.77213722
1.480000000000000 1.436052547551150 0.000000000000000E+00    18.80326598
1.500000000000000 1.435589738708150 0.000000000000000E+00    18.83451545
1.520000000000000 1.435122828457390 0.000000000000000E+00    18.86588736
1.540000000000000 1.434651739772190 0.000000000000000E+00    18.89738351
1.560000000000000 1.434176400235250 0.000000000000000E+00    18.92900568
1.580000000000000 1.433696741668790 0.000000000000000E+00    18.96075566
1.600000000000000 1.433212699797290 0.000000000000000E+00    18.99263529
1.620000000000000 1.432724213939050 0.000000000000000E+00    19.02464640
1.640000000000000 1.432231226724300 0.000000000000000E+00    19.05679083
1.660000000000000 1.431733683836940 0.000000000000000E+00    19.08907048
1.680000000000000 1.431231533777780 0.000000000000000E+00    19.12148721
1.700000000000000 1.430724727647210 0.000000000000000E+00    19.15404294
1.720000000000000 1.430213218945460 0.000000000000000E+00    19.18673959
1.740000000000000 1.429696963388950 0.000000000000000E+00    19.21957911
1.760000000000000 1.429175918741000 0.000000000000000E+00    19.25256347
1.780000000000000 1.428650044655910 0.000000000000000E+00    19.28569464
1.800000000000000 1.428119302534980 0.000000000000000E+00    19.31897463
1.820000000000000 1.427583655393630 0.000000000000000E+00    19.35240548
1.840000000000000 1.427043067738250 0.000000000000000E+00    19.38598921
1.860000000000000 1.426497505452530 0.000000000000000E+00    19.41972791
1.880000000000000 1.425946935691960 0.000000000000000E+00    19.45362367
1.900000000000000 1.425391326785960 0.000000000000000E+00    19.48767860
1.920000000000000 1.424830648147140 0.000000000000000E+00    19.52189485
1.940000000000000 1.424264870186860 0.000000000000000E+00    19.55627457
1.960000000000000 1.423693964236800 0.000000000000000E+00    19.59081995
1.980000000000000 1.423117902475860 0.000000000000000E+00    19.62553322
2.000000000000000 1.422536657862050 0.000000000000000E+00    19.66041661
