0.200000000000000 1.550307919354360 0.000000000000000E+00    14.14058356
0.220000000000000 1.528210340173700 0.000000000000000E+00    14.16805901
0.240000000000000 1.513037131134240 0.000000000000000E+00    14.19474148
0.260000000000000 1.502045540239270 0.000000000000000E+00    14.22090277
0.280000000000000 1.493764642474810 0.000000000000000E+00    14.24670594
0.300000000000000 1.487333755622480 0.000000000000000E+00    14.27225626
0.320000000000000 1.482216057779660 0.000000000000000E+00    14.29762547
0.340000000000000 1.478059899566200 0.000000000000000E+00    14.32286453
0.360000000000000 1.474625777261210 0.000000000000000E+00    14.34801085
0.380000000000000 1.471745295672430 0.000000000000000E+00    14.37309269
0.400000000000000 1.469296873357270 0.000000000000000E+00    14.39813185
0.420000000000000 1.467190730554720 0.000000000000000E+00    14.42314550
0.440000000000000 1.465359274502060 0.000000000000000E+00    14.44814739
0.460000000000000 1.463750750882190 0.000000000000000E+00    14.47314871
0.480000000000000 1.462324940175730 0.000000000000000E+00    14.49815870
0.500000000000000 1.461050172541180 0.000000000000000E+00    14.52318509
0.520000000000000 1.459901214995940 0.000000000000000E+00    14.54823442
0.540000000000000 1.458857748913230 0.000000000000000E+00    14.57331227
0.560000000000000 1.457903255137170 0.000000000000000E+00    14.59842350
0.580000000000000 1.457024185686270 0.000000000000000E+00    14.62357237
0.600000000000000 1.456209340255970 0.000000000000000E+00    14.64876264
0.620000000000000 1.455449391246290 0.000000000000000E+00    14.67399767
0.640000000000000 1.454736517959940 0.000000000000000E+00    14.69928051
0.660000000000000 1.454064122036990 0.000000000000000E+00    14.72461393
0.680000000000000 1.453426604026340 0.000000000000000E+00    14.75000051
0.700000000000000 1.452819186450620 0.000000000000000E+00    14.77544263
0.720000000000000 1.452237772569210 0.000000000000000E+00    14.80094251
0.740000000000000 1.451678832800670 0.000000000000000E+00    14.82650228
0.760000000000000 1.451139312751910 0.000000000000000E+00    14.85212394
0.780000000000000 1.450616558262730 0.000000000000000E+00    14.87780944
0.800000000000000 1.450108253942260 0.000000000000000E+00    14.90356063
0.820000000000001 1.449612372482880 0.000000000000000E+00    14.92937932
0.840000000000001 1.449127132635350 0.000000000000000E+00    14.95526727
0.860000000000001 1.448650964187350 0.000000000000000E+00    14.98122622
0.880000000000001 1.448182478638520 0.000000000000000E+00    15.00725785
0.900000000000001 1.447720444533200 0.000000000000000E+00    15.03336385
0.920000000000001 1.447263766621400 0.000000000000000E+00    15.05954586
0.940000000000000 1.446811468181880 0.000000000000000E+00    15.08580553
0.960000000000001 1.446362675968280 0.000000000000000E+00    15.11214448
0.980000000000001 1.445916607342370 0.000000000000000E+00    15.13856435
1.000000000000000 1.445472559236930 0.000000000000000E+00    15.16506674
1.020000000000000 1.445029898655530 0.000000000000000E+00    15.19165328
1.040000000000000 1.444588054471340 0.000000000000000E+00    15.21832558
1.060000000000000 1.444146510321160 0.000000000000000E+00    15.24508525
1.080000000000000 1.443704798433980 0.000000000000000E+00    15.27193391
1.100000000000000 1.443262494254670 0.000000000000000E+00    15.29887319
1.120000000000000 1.442819211745490 0.000000000000000E+00    15.32590471
1.140000000000000 1.442374599273420 0.000000000000000E+00    15.35303009
1.160000000000000 1.441928335998060 0.000000000000000E+00    15.38025099
1.180000000000000 1.441480128690320 0.000000000000000E+00    15.40756904
1.200000000000000 1.441029708929310 0.000000000000000E+00    15.43498590
1.220000000000000 1.440576830621040 0.000000000000000E+00    15.46250322
1.240000000000000 1.440121267800550 0.000000000000000E+00    15.49012267
1.260000000000000 1.439662812680120 0.000000000000000E+00    15.51784594
1.280000000000000 1.439201273912800 0.000000000000000E+00    15.54567471
1.300000000000000 1.438736475043430 0.000000000000000E+00    15.57361068
1.320000000000000 1.438268253126720 0.000000000000000E+00    15.60165555
1.340000000000000 1.437796457488540 0.000000000000000E+00    15.62981106
1.360000000000000 1.437320948617200 0.000000000000000E+00    15.65807893
1.380000000000000 1.436841597166880 0.000000000000000E+00    15.68646090
1.400000000000000 1.436358283061780 0.000000000000000E+00    15.71495873
1.420000000000000 1.435870894688530 0.000000000000000E+00    15.74357419
1.440000000000000 1.435379328168020 0.000000000000000E+00    15.77230906
1.460000000000000 1.434883486697030 0.000000000000000E+00    15.80116513
1.480000000000000 1.434383279952220 0.000000000000000E+00    15.83014423
1.500000000000000 1.433878623550450 0.000000000000000E+00    15.85924817
1.520000000000000 1.433369438558490 0.000000000000000E+00    15.88847878
1.540000000000000 1.432855651047690 0.000000000000000E+00    15.91783794
1.560000000000000 1.432337191688590 0.000000000000000E+00    15.94732750
1.580000000000000 1.431813995381560 0.000000000000000E+00    15.97694936
1.600000000000000 1.431286000919810 0.000000000000000E+00    16.00670542
1.620000000000000 1.430753150681570 0.000000000000000E+00    16.03659760
1.640000000000000 1.430215390348520 0.000000000000000E+00    16.06662784
1.660000000000000 1.429672668647960 0.000000000000000E+00    16.09679810
1.680000000000000 1.429124937116560 0.000000000000000E+00    16.12711036
1.700000000000000 1.428572149883400 0.000000000000000E+00    16.15756661
1.720000000000000 1.428014263470740 0.000000000000000E+00    16.18816888
1.740000000000000 1.427451236610720 0.000000000000000E+00    16.21891919
1.760000000000000 1.426883030076680 0.000000000000000E+00    16.24981961
1.780000000000000 1.426309606527570 0.000000000000000E+00    16.28087222
1.800000000000000 1.425730930364490 0.000000000000000E+00    16.31207912
1.820000000000000 1.425146967598240 0.000000000000000E+00    16.34344244
1.840000000000000 1.424557685726730 0.000000000000000E+00    16.37496433
1.860000000000000 1.423963053621720 0.000000000000000E+00    16.40664695
1.880000000000000 1.423363041423790 0.000000000000000E+00    16.43849252
1.900000000000000 1.422757620445010 0.000000000000000E+00    16.47050326
1.920000000000000 1.422146763078660 0.000000000000000E+00    16.50268140
1.940000000000000 1.421530442715350 0.000000000000000E+00    16.53502925
1.960000000000000 1.420908633665000 0.000000000000000E+00    16.56754909
1.980000000000000 1.420281311084340 0.000000000000000E+00    16.60024326
2.000000000000000 1.419648450909290 0.000000000000000E+00    16.63311413
