0.200000000000000 1.550366215732330 0.000000000000000E+00    20.05646851
0.220000000000000 1.528281709054880 0.000000000000000E+00    20.08911114
0.240000000000000 1.513122697492480 0.000000000000000E+00    20.12079729
0.260000000000000 1.502146442759370 0.000000000000000E+00    20.15185105
0.280000000000000 1.493882023631760 0.000000000000000E+00    20.18246683
0.300000000000000 1.487468756929960 0.000000000000000E+00    20.21277016
0.320000000000000 1.482369817294400 0.000000000000000E+00    20.24284655
0.340000000000000 1.478233550487970 0.000000000000000E+00    20.27275678
0.360000000000000 1.474820447109500 0.000000000000000E+00    20.30254544
0.380000000000000 1.471962105786740 0.000000000000000E+00    20.33224620
0.400000000000000 1.469536938588140 0.000000000000000E+00    20.36188501
0.420000000000000 1.467455159072050 0.000000000000000E+00    20.39148231
0.440000000000000 1.465649167678370 0.000000000000000E+00    20.42105445
0.460000000000000 1.464067203224650 0.000000000000000E+00    20.45061471
0.480000000000000 1.462669039291080 0.000000000000000E+00    20.48017402
0.500000000000000 1.461422999123210 0.000000000000000E+00    20.50974151
0.520000000000000 1.460303842828550 0.000000000000000E+00    20.53932485
0.540000000000000 1.459291244884580 0.000000000000000E+00    20.56893059
0.560000000000000 1.458368679261700 0.000000000000000E+00    20.59856438
0.580000000000000 1.457522591132340 0.000000000000000E+00    20.62823112
0.600000000000000 1.456741773377640 0.000000000000000E+00    20.65793509
0.620000000000000 1.456016891617890 0.000000000000000E+00    20.68768012
0.640000000000000 1.455340118412730 0.000000000000000E+00    20.71746959
0.660000000000000 1.454704848697390 0.000000000000000E+00    20.74730658
0.680000000000000 1.454105476355190 0.000000000000000E+00    20.77719388
0.700000000000000 1.453537217282590 0.000000000000000E+00    20.80713402
0.720000000000000 1.452995968153300 0.000000000000000E+00    20.83712938
0.740000000000000 1.452478192840200 0.000000000000000E+00    20.86718216
0.760000000000000 1.451980830445310 0.000000000000000E+00    20.89729440
0.780000000000000 1.451501220343070 0.000000000000000E+00    20.92746807
0.800000000000000 1.451037040717550 0.000000000000000E+00    20.95770500
0.820000000000001 1.450586257875760 0.000000000000000E+00    20.98800699
0.840000000000001 1.450147084222250 0.000000000000000E+00    21.01837573
0.860000000000001 1.449717943237330 0.000000000000000E+00    21.04881289
0.880000000000001 1.449297440151790 0.000000000000000E+00    21.07932006
0.900000000000001 1.448884337279010 0.000000000000000E+00    21.10989883
0.920000000000001 1.448477533175520 0.000000000000000E+00    21.14055074
0.940000000000000 1.448076044963400 0.000000000000000E+00    21.17127730
0.960000000000001 1.447678993276080 0.000000000000000E+00    21.20208003
0.980000000000001 1.447285589390910 0.000000000000000E+00    21.23296041
1.000000000000000 1.446895124191230 0.000000000000000E+00    21.26391992
1.020000000000000 1.446506958666550 0.000000000000000E+00    21.29496003
1.040000000000000 1.446120515709280 0.000000000000000E+00    21.32608221
1.060000000000000 1.445735273008870 0.000000000000000E+00    21.35728793
1.080000000000000 1.445350756880820 0.000000000000000E+00    21.38857865
1.100000000000000 1.444966536887400 0.000000000000000E+00    21.41995583
1.120000000000000 1.444582221141290 0.000000000000000E+00    21.45142096
1.140000000000000 1.444197452190560 0.000000000000000E+00    21.48297551
1.160000000000000 1.443811903405120 0.000000000000000E+00    21.51462097
1.180000000000000 1.443425275797800 0.000000000000000E+00    21.54635882
1.200000000000000 1.443037295217800 0.000000000000000E+00    21.57819056
1.220000000000000 1.442647709870040 0.000000000000000E+00    21.61011770
1.240000000000000 1.442256288116390 0.000000000000000E+00    21.64214176
1.260000000000000 1.441862816523350 0.000000000000000E+00    21.67426426
1.280000000000000 1.441467098124620 0.000000000000000E+00    21.70648674
1.300000000000000 1.441068950872420 0.000000000000000E+00    21.73881076
1.320000000000000 1.440668206253290 0.000000000000000E+00    21.77123786
1.340000000000000 1.440264708050400 0.000000000000000E+00    21.80376963
1.360000000000000 1.439858311232940 0.000000000000000E+00    21.83640764
1.380000000000000 1.439448880960450 0.000000000000000E+00    21.86915349
1.400000000000000 1.439036291683940 0.000000000000000E+00    21.90200880
1.420000000000000 1.438620426339880 0.000000000000000E+00    21.93497518
1.440000000000000 1.438201175620570 0.000000000000000E+00    21.96805427
1.460000000000000 1.437778437314500 0.000000000000000E+00    22.00124773
1.480000000000000 1.437352115710590 0.000000000000000E+00    22.03455721
1.500000000000000 1.436922121057370 0.000000000000000E+00    22.06798439
1.520000000000000 1.436488369072130 0.000000000000000E+00    22.10153098
1.540000000000000 1.436050780494770 0.000000000000000E+00    22.13519867
1.560000000000000 1.435609280681970 0.000000000000000E+00    22.16898919
1.580000000000000 1.435163799236950 0.000000000000000E+00    22.20290428
1.600000000000000 1.434714269671810 0.000000000000000E+00    22.23694570
1.620000000000000 1.434260629099040 0.000000000000000E+00    22.27111522
1.640000000000000 1.433802817949240 0.000000000000000E+00    22.30541462
1.660000000000000 1.433340779712610 0.000000000000000E+00    22.33984572
1.680000000000000 1.432874460701770 0.000000000000000E+00    22.37441034
1.700000000000000 1.432403809834490 0.000000000000000E+00    22.40911031
1.720000000000000 1.431928778433250 0.000000000000000E+00    22.44394749
1.740000000000000 1.431449320041560 0.000000000000000E+00    22.47892377
1.760000000000000 1.430965390254300 0.000000000000000E+00    22.51404103
1.780000000000000 1.430476946561560 0.000000000000000E+00    22.54930121
1.800000000000000 1.429983948204220 0.000000000000000E+00    22.58470622
1.820000000000000 1.429486356040890 0.000000000000000E+00    22.62025802
1.840000000000000 1.428984132424520 0.000000000000000E+00    22.65595860
1.860000000000000 1.428477241088230 0.000000000000000E+00    22.69180995
1.880000000000000 1.427965647039620 0.000000000000000E+00    22.72781408
1.900000000000000 1.427449316462560 0.000000000000000E+00    22.76397305
1.920000000000000 1.426928216626140 0.000000000000000E+00    22.80028890
1.940000000000000 1.426402315799900 0.000000000000000E+00    22.83676374
1.960000000000000 1.425871583175060 0.000000000000000E+00    22.87339967
1.980000000000000 1.425335988791080 0.000000000000000E+00    22.91019881
2.000000000000000 1.424795503467310 0.000000000000000E+00    22.94716335
