0.200000000000000 1.547877985908240 0.000000000000000E+00 1.06548060
0.220000000000000 1.525249230529480 0.000000000000000E+00 1.07332996
0.240000000000000 1.509502718510090 0.000000000000000E+00 1.08101042
0.260000000000000 1.497895623473130 0.000000000000000E+00 1.08859823
0.280000000000000 1.488957348410060 0.000000000000000E+00 1.09614040
0.300000000000000 1.481827724831830 0.000000000000000E+00 1.10366844
0.320000000000000 1.475970536090150 0.000000000000000E+00 1.11120499
0.340000000000000 1.471034784103890 0.000000000000000E+00 1.11876717
0.360000000000000 1.466781638773140 0.000000000000000E+00 1.12636852
0.380000000000000 1.463043387740440 0.000000000000000E+00 1.13402020
0.400000000000000 1.459699134056770 0.000000000000000E+00 1.14173167
0.420000000000000 1.456659779631590 0.000000000000000E+00 1.14951117
0.440000000000000 1.453858407851140 0.000000000000000E+00 1.15736609
0.460000000000000 1.451243933404290 0.000000000000000E+00 1.16530313
0.480000000000000 1.448776797684940 0.000000000000000E+00 1.17332853
0.500000000000000 1.446425983155070 0.000000000000000E+00 1.18144815
0.520000000000000 1.444166900293620 0.000000000000000E+00 1.18966759
0.540000000000000 1.441979865053520 0.000000000000000E+00 1.19799223
0.560000000000000 1.439848984068830 0.000000000000000E+00 1.20642732
0.580000000000000 1.437761326542560 0.000000000000000E+00 1.21497802
0.600000000000000 1.435706300998610 0.000000000000000E+00 1.22364941
0.620000000000000 1.433675180605290 0.000000000000000E+00 1.23244656
0.640000000000000 1.431660737702780 0.000000000000000E+00 1.24137454
0.660000000000000 1.429656959590950 0.000000000000000E+00 1.25043844
0.680000000000000 1.427658825471380 0.000000000000000E+00 1.25964339
0.700000000000000 1.425662129894260 0.000000000000000E+00 1.26899459
0.720000000000000 1.423663341912610 0.000000000000000E+00 1.27849733
0.740000000000000 1.421659491900300 0.000000000000000E+00 1.28815697
0.760000000000000 1.419648079981230 0.000000000000000E+00 1.29797901
0.780000000000000 1.417627001473460 0.000000000000000E+00 1.30796905
0.800000000000000 1.415594485827510 0.000000000000000E+00 1.31813284
0.820000000000000 1.413549046339940 0.000000000000000E+00 1.32847626
0.840000000000000 1.411489438526380 0.000000000000000E+00 1.33900539
0.860000000000000 1.409414625496030 0.000000000000000E+00 1.34972644
0.880000000000000 1.407323749019390 0.000000000000000E+00 1.36064584
0.900000000000000 1.405216105250350 0.000000000000000E+00 1.37177017
0.920000000000000 1.403091124272850 0.000000000000000E+00 1.38310628
0.940000000000000 1.400948352805430 0.000000000000000E+00 1.39466118
0.960000000000001 1.398787439525110 0.000000000000000E+00 1.40644214
0.980000000000001 1.396608122573510 0.000000000000000E+00 1.41845668
1.000000000000000 1.394410218888240 0.000000000000000E+00 1.43071256
1.020000000000000 1.392193615067480 0.000000000000000E+00 1.44321781
1.040000000000000 1.389958259526650 0.000000000000000E+00 1.45598074
1.060000000000000 1.387704155748290 0.000000000000000E+00 1.46900996
1.080000000000000 1.385431356459800 0.000000000000000E+00 1.48231439
1.100000000000000 1.383139958601240 0.000000000000000E+00 1.49590325
1.120000000000000 1.380830098967750 0.000000000000000E+00 1.50978613
1.140000000000000 1.378501950430080 0.000000000000000E+00 1.52397294
1.160000000000000 1.376155718651130 0.000000000000000E+00 1.53847398
1.180000000000000 1.373791639229950 0.000000000000000E+00 1.55329992
1.200000000000000 1.371409975214150 0.000000000000000E+00 1.56846183
1.220000000000000 1.369011014931060 0.000000000000000E+00 1.58397120
1.240000000000000 1.366595070094960 0.000000000000000E+00 1.59983997
1.260000000000000 1.364162474153630 0.000000000000000E+00 1.61608052
1.280000000000000 1.361713580842940 0.000000000000000E+00 1.63270570
1.300000000000000 1.359248762922150 2.539057333541340E-13 1.64972888
1.320000000000000 1.356768411066520 4.527493831230080E-13 1.66716391
1.340000000000000 1.354272932896590 7.899045844189230E-13 1.68502521
1.360000000000000 1.351762752126380 1.350919376363890E-12 1.70332776
1.380000000000000 1.349238307814880 2.269841333764160E-12 1.72208710
1.400000000000000 1.346700053706990 3.753941602013810E-12 1.74131940
1.420000000000000 1.344148457651800 6.117310651088110E-12 1.76104146
1.440000000000000 1.341584001087510 9.834584535628470E-12 1.78127074
1.460000000000000 1.339007178583370 1.561395457372330E-11 1.80202540
1.480000000000000 1.336418497430070 2.449673797144670E-11 1.82332429
1.500000000000000 1.333818477271030 3.800765995334850E-11 1.84518703
1.520000000000000 1.331207649767510 5.835087968364410E-11 1.86763401
1.540000000000000 1.328586558291510 8.868705769771170E-11 1.89068641
1.560000000000000 1.325955757640630 1.335112576050790E-10 1.91436628
1.580000000000000 1.323315813769820 1.991560250047540E-10 1.93869650
1.600000000000000 1.320667303535320 2.944793298098600E-10 1.96370090
1.620000000000000 1.318010814446350 4.317647628315770E-10 1.98940421
1.640000000000000 1.315346944420820 6.279265440944930E-10 2.01583217
1.660000000000000 1.312676301541110 9.060758879297910E-10 2.04301150
1.680000000000000 1.309999503806800 1.297570384473090E-09 2.07097001
1.700000000000000 1.307317178881040 1.844658398253430E-09 2.09973656
1.720000000000000 1.304629963827780 2.603878224149980E-09 2.12934119
1.740000000000000 1.301938504837170 3.650390933973570E-09 2.15981508
1.760000000000000 1.299243456936610 5.083476362077730E-09 2.19119065
1.780000000000000 1.296545483685210 7.033449517246380E-09 2.22350157
1.800000000000000 1.293845256849490 9.670316242216260E-09 2.25678284
1.820000000000000 1.291143456058440 1.321453535485520E-08 2.29107082
1.840000000000000 1.288440768436090 1.795030374340810E-08 2.32640327
1.860000000000000 1.285737888209910 2.424191203331820E-08 2.36281943
1.880000000000000 1.283035516293700 3.255372305055460E-08 2.40036006
1.900000000000000 1.280334359843220 4.347423887551830E-08 2.43906749
1.920000000000000 1.277635131783770 5.774544198366980E-08 2.47898572
1.940000000000000 1.274938550308170 7.629774412265530E-08 2.52016042
1.960000000000000 1.272245338344360 1.002916593800810E-07 2.56263905
1.980000000000000 1.269556222991320 1.311673699655460E-07 2.60647091
2.000000000000000 1.266871934922990 1.707029751440990E-07 2.65170719
