0.200000000000000 1.549831940875060 0.000000000000000E+00 4.15007226
0.220000000000000 1.527628518094130 0.000000000000000E+00 4.16514890
0.240000000000000 1.512340595249810 0.000000000000000E+00 4.17982387
0.260000000000000 1.501225343037290 0.000000000000000E+00 4.19424401
0.280000000000000 1.492811839679590 0.000000000000000E+00 4.20849749
0.300000000000000 1.486239444438890 0.000000000000000E+00 4.22264133
0.320000000000000 1.480971396690320 0.000000000000000E+00 4.23671456
0.340000000000000 1.476656119179580 0.000000000000000E+00 4.25074508
0.360000000000000 1.473054186455670 0.000000000000000E+00 4.26475359
0.380000000000000 1.469997285108380 0.000000000000000E+00 4.27875596
0.400000000000000 1.467363917441580 0.000000000000000E+00 4.29276467
0.420000000000000 1.465064388458130 0.000000000000000E+00 4.30678981
0.440000000000000 1.463031190577920 0.000000000000000E+00 4.32083975
0.460000000000000 1.461212654697170 0.000000000000000E+00 4.33492155
0.480000000000000 1.459568646283570 0.000000000000000E+00 4.34904129
0.500000000000000 1.458067580084110 0.000000000000000E+00 4.36320435
0.520000000000000 1.456684307189340 0.000000000000000E+00 4.37741549
0.540000000000000 1.455398592451230 0.000000000000000E+00 4.39167907
0.560000000000000 1.454193999544690 0.000000000000000E+00 4.40599905
0.580000000000000 1.453057062635990 0.000000000000000E+00 4.42037915
0.600000000000000 1.451976662862740 0.000000000000000E+00 4.43482283
0.620000000000000 1.450943553348520 0.000000000000000E+00 4.44933339
0.640000000000000 1.449949993394060 0.000000000000000E+00 4.46391397
0.660000000000000 1.448989463911700 0.000000000000000E+00 4.47856759
0.680000000000000 1.448056443998260 0.000000000000000E+00 4.49329715
0.700000000000000 1.447146234005440 0.000000000000000E+00 4.50810549
0.720000000000000 1.446254814310210 0.000000000000000E+00 4.52299536
0.740000000000000 1.445378731746620 0.000000000000000E+00 4.53796947
0.760000000000000 1.444515007645420 0.000000000000000E+00 4.55303046
0.780000000000000 1.443661062889210 0.000000000000000E+00 4.56818094
0.800000000000000 1.442814656461760 0.000000000000000E+00 4.58342349
0.820000000000000 1.441973834774820 0.000000000000000E+00 4.59876066
0.840000000000000 1.441136889656200 0.000000000000000E+00 4.61419497
0.860000000000000 1.440302323342420 0.000000000000000E+00 4.62972894
0.880000000000000 1.439468819167750 0.000000000000000E+00 4.64536507
0.900000000000000 1.438635216911400 0.000000000000000E+00 4.66110584
0.920000000000000 1.437800491973170 0.000000000000000E+00 4.67695375
0.940000000000000 1.436963737711250 0.000000000000000E+00 4.69291128
0.960000000000001 1.436124150403610 0.000000000000000E+00 4.70898093
0.980000000000001 1.435281016396230 0.000000000000000E+00 4.72516518
1.000000000000000 1.434433701081170 0.000000000000000E+00 4.74146653
1.020000000000000 1.433581639412560 0.000000000000000E+00 4.75788750
1.040000000000000 1.432724327719450 0.000000000000000E+00 4.77443062
1.060000000000000 1.431861316616810 0.000000000000000E+00 4.79109842
1.080000000000000 1.430992204849250 0.000000000000000E+00 4.80789346
1.100000000000000 1.430116633929910 0.000000000000000E+00 4.82481833
1.120000000000000 1.429234283459180 0.000000000000000E+00 4.84187560
1.140000000000000 1.428344867026630 0.000000000000000E+00 4.85906792
1.160000000000000 1.427448128614660 0.000000000000000E+00 4.87639793
1.180000000000000 1.426543839434960 0.000000000000000E+00 4.89386831
1.200000000000000 1.425631795139460 0.000000000000000E+00 4.91148176
1.220000000000000 1.424711813356020 0.000000000000000E+00 4.92924101
1.240000000000000 1.423783731506600 0.000000000000000E+00 4.94714885
1.260000000000000 1.422847404871650 0.000000000000000E+00 4.96520808
1.280000000000000 1.421902704869590 0.000000000000000E+00 4.98342154
1.300000000000000 1.420949517524680 0.000000000000000E+00 5.00179211
1.320000000000000 1.419987742100370 0.000000000000000E+00 5.02032272
1.340000000000000 1.419017289877940 0.000000000000000E+00 5.03901633
1.360000000000000 1.418038083063500 0.000000000000000E+00 5.05787595
1.380000000000000 1.417050053808090 0.000000000000000E+00 5.07690464
1.400000000000000 1.416053143328030 0.000000000000000E+00 5.09610551
1.420000000000000 1.415047301114110 0.000000000000000E+00 5.11548170
1.440000000000000 1.414032484219590 0.000000000000000E+00 5.13503643
1.460000000000000 1.413008656618460 0.000000000000000E+00 5.15477294
1.480000000000000 1.411975788626180 0.000000000000000E+00 5.17469457
1.500000000000000 1.410933856376350 0.000000000000000E+00 5.19480467
1.520000000000000 1.409882841347180 0.000000000000000E+00 5.21510667
1.540000000000000 1.408822729932820 0.000000000000000E+00 5.23560408
1.560000000000000 1.407753513054690 0.000000000000000E+00 5.25630044
1.580000000000000 1.406675185808890 0.000000000000000E+00 5.27719938
1.600000000000000 1.405587747145990 0.000000000000000E+00 5.29830457
1.620000000000000 1.404491199580050 0.000000000000000E+00 5.31961978
1.640000000000000 1.403385548923960 0.000000000000000E+00 5.34114883
1.660000000000000 1.402270804048550 0.000000000000000E+00 5.36289562
1.680000000000000 1.401146976663290 0.000000000000000E+00 5.38486413
1.700000000000000 1.400014081116390 0.000000000000000E+00 5.40705841
1.720000000000000 1.398872134212650 0.000000000000000E+00 5.42948258
1.740000000000000 1.397721155047330 0.000000000000000E+00 5.45214087
1.760000000000000 1.396561164854620 0.000000000000000E+00 5.47503757
1.780000000000000 1.395392186869380 0.000000000000000E+00 5.49817707
1.800000000000000 1.394214246200970 0.000000000000000E+00 5.52156385
1.820000000000000 1.393027369718170 0.000000000000000E+00 5.54520246
1.840000000000000 1.391831585944110 0.000000000000000E+00 5.56909756
1.860000000000000 1.390626924960500 0.000000000000000E+00 5.59325393
1.880000000000000 1.389413418320220 0.000000000000000E+00 5.61767641
1.900000000000000 1.388191098967730 0.000000000000000E+00 5.64236995
1.920000000000000 1.386960001166470 0.000000000000000E+00 5.66733964
1.940000000000000 1.385720160432900 0.000000000000000E+00 5.69259063
1.960000000000000 1.384471613476440 0.000000000000000E+00 5.71812821
1.980000000000000 1.383214398144940 0.000000000000000E+00 5.74395777
2.000000000000000 1.381948553375270 0.000000000000000E+00 5.77008484
