0.200000000000000 1.550322192822790 0.000000000000000E+00    15.24125844
0.220000000000000 1.528227811410760 0.000000000000000E+00    15.26976725
0.240000000000000 1.513058074532120 0.000000000000000E+00    15.29745041
0.260000000000000 1.502070233428820 0.000000000000000E+00    15.32459016
0.280000000000000 1.493793363897500 0.000000000000000E+00    15.35135584
0.300000000000000 1.487366783368400 0.000000000000000E+00    15.37785675
0.320000000000000 1.482253668977930 0.000000000000000E+00    15.40416740
0.340000000000000 1.478102370043710 0.000000000000000E+00    15.43034069
0.360000000000000 1.474673381342460 0.000000000000000E+00    15.45641548
0.380000000000000 1.471798306058710 0.000000000000000E+00    15.48242111
0.400000000000000 1.469355561052500 0.000000000000000E+00    15.50838019
0.420000000000000 1.467255364819850 0.000000000000000E+00    15.53431056
0.440000000000000 1.465430122827930 0.000000000000000E+00    15.56022647
0.460000000000000 1.463828078974300 0.000000000000000E+00    15.58613954
0.480000000000000 1.462409011946980 0.000000000000000E+00    15.61205933
0.500000000000000 1.461141250110140 0.000000000000000E+00    15.63799385
0.520000000000000 1.459999558688890 0.000000000000000E+00    15.66394984
0.540000000000000 1.458963617269000 0.000000000000000E+00    15.68993310
0.560000000000000 1.458016904913540 0.000000000000000E+00    15.71594862
0.580000000000000 1.457145871868280 0.000000000000000E+00    15.74200078
0.600000000000000 1.456339316064790 0.000000000000000E+00    15.76809342
0.620000000000000 1.455587908148800 0.000000000000000E+00    15.79423000
0.640000000000000 1.454883825678980 0.000000000000000E+00    15.82041363
0.660000000000000 1.454220468561780 0.000000000000000E+00    15.84664712
0.680000000000000 1.453592235623350 0.000000000000000E+00    15.87293308
0.700000000000000 1.452994347674200 0.000000000000000E+00    15.89927390
0.720000000000000 1.452422706272490 0.000000000000000E+00    15.92567184
0.740000000000000 1.451873780146630 0.000000000000000E+00    15.95212901
0.760000000000000 1.451344513224510 0.000000000000000E+00    15.97864744
0.780000000000000 1.450832249677180 0.000000000000000E+00    16.00522903
0.800000000000000 1.450334672456260 0.000000000000000E+00    16.03187565
0.820000000000001 1.449849752607170 0.000000000000000E+00    16.05858908
0.840000000000001 1.449375707244240 0.000000000000000E+00    16.08537107
0.860000000000001 1.448910964529230 0.000000000000000E+00    16.11222331
0.880000000000001 1.448454134346170 0.000000000000000E+00    16.13914749
0.900000000000001 1.448003983634000 0.000000000000000E+00    16.16614523
0.920000000000001 1.447559415547360 0.000000000000000E+00    16.19321817
0.940000000000000 1.447119451779600 0.000000000000000E+00    16.22036791
0.960000000000001 1.446683217508590 0.000000000000000E+00    16.24759605
0.980000000000001 1.446249928529820 0.000000000000000E+00    16.27490419
1.000000000000000 1.445818880219400 0.000000000000000E+00    16.30229389
1.020000000000000 1.445389438033810 0.000000000000000E+00    16.32976675
1.040000000000000 1.444961029307500 0.000000000000000E+00    16.35732435
1.060000000000000 1.444533136147930 0.000000000000000E+00    16.38496825
1.080000000000000 1.444105289263640 0.000000000000000E+00    16.41270005
1.100000000000000 1.443677062587040 0.000000000000000E+00    16.44052133
1.120000000000000 1.443248068577330 0.000000000000000E+00    16.46843367
1.140000000000000 1.442817954105890 0.000000000000000E+00    16.49643868
1.160000000000000 1.442386396844830 0.000000000000000E+00    16.52453796
1.180000000000000 1.441953102086280 0.000000000000000E+00    16.55273311
1.200000000000000 1.441517799937320 0.000000000000000E+00    16.58102575
1.220000000000000 1.441080242840400 0.000000000000000E+00    16.60941750
1.240000000000000 1.440640203373660 0.000000000000000E+00    16.63791001
1.260000000000000 1.440197472300210 0.000000000000000E+00    16.66650491
1.280000000000000 1.439751856830530 0.000000000000000E+00    16.69520385
1.300000000000000 1.439303179074460 0.000000000000000E+00    16.72400851
1.320000000000000 1.438851274657630 0.000000000000000E+00    16.75292054
1.340000000000000 1.438395991483860 0.000000000000000E+00    16.78194165
1.360000000000000 1.437937188625500 0.000000000000000E+00    16.81107352
1.380000000000000 1.437474735327150 0.000000000000000E+00    16.84031787
1.400000000000000 1.437008510108970 0.000000000000000E+00    16.86967641
1.420000000000000 1.436538399960080 0.000000000000000E+00    16.89915089
1.440000000000000 1.436064299608780 0.000000000000000E+00    16.92874304
1.460000000000000 1.435586110864990 0.000000000000000E+00    16.95845463
1.480000000000000 1.435103742023720 0.000000000000000E+00    16.98828744
1.500000000000000 1.434617107325220 0.000000000000000E+00    17.01824325
1.520000000000000 1.434126126464540 0.000000000000000E+00    17.04832387
1.540000000000000 1.433630724145960 0.000000000000000E+00    17.07853111
1.560000000000000 1.433130829677450 0.000000000000000E+00    17.10886682
1.580000000000000 1.432626376601060 0.000000000000000E+00    17.13933284
1.600000000000000 1.432117302355840 0.000000000000000E+00    17.16993103
1.620000000000000 1.431603547969710 0.000000000000000E+00    17.20066330
1.640000000000000 1.431085057777770 0.000000000000000E+00    17.23153152
1.660000000000000 1.430561779164250 0.000000000000000E+00    17.26253763
1.680000000000000 1.430033662326040 0.000000000000000E+00    17.29368357
1.700000000000000 1.429500660055530 0.000000000000000E+00    17.32497128
1.720000000000000 1.428962727541220 0.000000000000000E+00    17.35640275
1.740000000000000 1.428419822184170 0.000000000000000E+00    17.38797997
1.760000000000000 1.427871903429080 0.000000000000000E+00    17.41970497
1.780000000000000 1.427318932608600 0.000000000000000E+00    17.45157976
1.800000000000000 1.426760872799570 0.000000000000000E+00    17.48360643
1.820000000000000 1.426197688690340 0.000000000000000E+00    17.51578704
1.840000000000000 1.425629346458060 0.000000000000000E+00    17.54812370
1.860000000000000 1.425055813655070 0.000000000000000E+00    17.58061853
1.880000000000000 1.424477059103760 0.000000000000000E+00    17.61327370
1.900000000000000 1.423893052798980 0.000000000000000E+00    17.64609137
1.920000000000000 1.423303765817540 0.000000000000000E+00    17.67907375
1.940000000000000 1.422709170234030 0.000000000000000E+00    17.71222305
1.960000000000000 1.422109239042700 0.000000000000000E+00    17.74554155
1.980000000000000 1.421503946084610 0.000000000000000E+00    17.77903150
2.000000000000000 1.420893265979840 0.000000000000000E+00    17.81269523
