0.200000000000000 1.550230217236540 0.000000000000000E+00    10.15039495
0.220000000000000 1.528115259794590 0.000000000000000E+00    10.17373724
0.240000000000000 1.512923189346840 0.000000000000000E+00    10.19641711
0.260000000000000 1.501911237449460 0.000000000000000E+00    10.21866463
0.280000000000000 1.493608475846740 0.000000000000000E+00    10.24061781
0.300000000000000 1.487154225388960 0.000000000000000E+00    10.26236576
0.320000000000000 1.482011670543890 0.000000000000000E+00    10.28396920
0.340000000000000 1.477829170143000 0.000000000000000E+00    10.30547131
0.360000000000000 1.474367229749370 0.000000000000000E+00    10.32690377
0.380000000000000 1.471457464096500 0.000000000000000E+00    10.34829055
0.400000000000000 1.468978302055000 0.000000000000000E+00    10.36965016
0.420000000000000 1.466839974408790 0.000000000000000E+00    10.39099721
0.440000000000000 1.464974899072240 0.000000000000000E+00    10.41234344
0.460000000000000 1.463331332473300 0.000000000000000E+00    10.43369843
0.480000000000000 1.461869065861630 0.000000000000000E+00    10.45507014
0.500000000000000 1.460556440159560 0.000000000000000E+00    10.47646526
0.520000000000000 1.459368233122480 0.000000000000000E+00    10.49788952
0.540000000000000 1.458284136821550 0.000000000000000E+00    10.51934785
0.560000000000000 1.457287642748630 0.000000000000000E+00    10.54084459
0.580000000000000 1.456365213512780 0.000000000000000E+00    10.56238359
0.600000000000000 1.455505659337280 0.000000000000000E+00    10.58396830
0.620000000000000 1.454699663084730 0.000000000000000E+00    10.60560187
0.640000000000000 1.453939414451850 0.000000000000000E+00    10.62728719
0.660000000000000 1.453218325403050 0.000000000000000E+00    10.64902693
0.680000000000000 1.452530806741040 0.000000000000000E+00    10.67082361
0.700000000000000 1.451872091170700 0.000000000000000E+00    10.69267959
0.720000000000000 1.451238092062800 0.000000000000000E+00    10.71459714
0.740000000000000 1.450625289875850 0.000000000000000E+00    10.73657843
0.760000000000000 1.450030640186220 0.000000000000000E+00    10.75862555
0.780000000000000 1.449451498732620 0.000000000000000E+00    10.78074052
0.800000000000000 1.448885559953520 0.000000000000000E+00    10.80292534
0.820000000000001 1.448330806302110 0.000000000000000E+00    10.82518193
0.840000000000001 1.447785466221630 0.000000000000000E+00    10.84751220
0.860000000000001 1.447247979125250 0.000000000000000E+00    10.86991803
0.880000000000001 1.446716966071890 0.000000000000000E+00    10.89240127
0.900000000000001 1.446191205100130 0.000000000000000E+00    10.91496376
0.920000000000001 1.445669610389850 0.000000000000000E+00    10.93760733
0.940000000000000 1.445151214587050 0.000000000000000E+00    10.96033379
0.960000000000001 1.444635153749920 0.000000000000000E+00    10.98314494
0.980000000000001 1.444120654484540 0.000000000000000E+00    11.00604258
1.000000000000000 1.443607022907520 0.000000000000000E+00    11.02902851
1.020000000000000 1.443093635148470 0.000000000000000E+00    11.05210453
1.040000000000000 1.442579929148060 0.000000000000000E+00    11.07527241
1.060000000000000 1.442065397554830 0.000000000000000E+00    11.09853397
1.080000000000000 1.441549581554210 0.000000000000000E+00    11.12189099
1.100000000000000 1.441032065492870 0.000000000000000E+00    11.14534528
1.120000000000000 1.440512472182850 0.000000000000000E+00    11.16889863
1.140000000000000 1.439990458788600 0.000000000000000E+00    11.19255286
1.160000000000000 1.439465713216270 0.000000000000000E+00    11.21630978
1.180000000000000 1.438937950934960 0.000000000000000E+00    11.24017121
1.200000000000000 1.438406912173070 0.000000000000000E+00    11.26413898
1.220000000000000 1.437872359439020 0.000000000000000E+00    11.28821493
1.240000000000000 1.437334075324620 0.000000000000000E+00    11.31240090
1.260000000000000 1.436791860554310 0.000000000000000E+00    11.33669875
1.280000000000000 1.436245532249820 0.000000000000000E+00    11.36111034
1.300000000000000 1.435694922383100 0.000000000000000E+00    11.38563756
1.320000000000000 1.435139876394290 0.000000000000000E+00    11.41028228
1.340000000000000 1.434580251955650 0.000000000000000E+00    11.43504641
1.360000000000000 1.434015917863240 0.000000000000000E+00    11.45993186
1.380000000000000 1.433446753041960 0.000000000000000E+00    11.48494056
1.400000000000000 1.432872645650730 0.000000000000000E+00    11.51007445
1.420000000000000 1.432293492276440 0.000000000000000E+00    11.53533548
1.440000000000000 1.431709197206820 0.000000000000000E+00    11.56072564
1.460000000000000 1.431119671773350 0.000000000000000E+00    11.58624690
1.480000000000000 1.430524833756810 0.000000000000000E+00    11.61190128
1.500000000000000 1.429924606848590 0.000000000000000E+00    11.63769079
1.520000000000000 1.429318920161910 0.000000000000000E+00    11.66361748
1.540000000000000 1.428707707787660 0.000000000000000E+00    11.68968340
1.560000000000000 1.428090908390470 0.000000000000000E+00    11.71589064
1.580000000000000 1.427468464840610 0.000000000000000E+00    11.74224129
1.600000000000000 1.426840323878370 0.000000000000000E+00    11.76873748
1.620000000000000 1.426206435807580 0.000000000000000E+00    11.79538136
1.640000000000000 1.425566754215400 0.000000000000000E+00    11.82217508
1.660000000000000 1.424921235715960 0.000000000000000E+00    11.84912084
1.680000000000000 1.424269839715330 0.000000000000000E+00    11.87622084
1.700000000000000 1.423612528196110 0.000000000000000E+00    11.90347734
1.720000000000000 1.422949265519540 0.000000000000000E+00    11.93089258
1.740000000000000 1.422280018243640 0.000000000000000E+00    11.95846887
1.760000000000000 1.421604754955940 0.000000000000000E+00    11.98620852
1.780000000000000 1.420923446119390 0.000000000000000E+00    12.01411387
1.800000000000000 1.420236063930340 0.000000000000000E+00    12.04218730
1.820000000000000 1.419542582187510 0.000000000000000E+00    12.07043121
1.840000000000000 1.418842976170980 0.000000000000000E+00    12.09884805
1.860000000000000 1.418137222530370 0.000000000000000E+00    12.12744026
1.880000000000000 1.417425299181320 0.000000000000000E+00    12.15621035
1.900000000000000 1.416707185209760 0.000000000000000E+00    12.18516086
1.920000000000000 1.415982860783100 0.000000000000000E+00    12.21429435
1.940000000000000 1.415252307067930 0.000000000000000E+00    12.24361341
1.960000000000000 1.414515506153610 0.000000000000000E+00    12.27312068
1.980000000000000 1.413772440981340 0.000000000000000E+00    12.30281884
2.000000000000000 1.413023095278140 0.000000000000000E+00    12.33271060
