0.200000000000000 1.550072235253820 0.000000000000000E+00 6.45034733
0.220000000000000 1.527922077443280 0.000000000000000E+00 6.46903673
0.240000000000000 1.512691838066830 0.000000000000000E+00 6.48721051
0.260000000000000 1.501638720410010 0.000000000000000E+00 6.50505187
0.280000000000000 1.493291794728570 0.000000000000000E+00 6.52267071
0.300000000000000 1.486790393133210 0.000000000000000E+00 6.54013800
0.320000000000000 1.481597717979870 0.000000000000000E+00 6.55750216
0.340000000000000 1.477362149645630 0.000000000000000E+00 6.57479765
0.360000000000000 1.473844217334530 0.000000000000000E+00 6.59204984
0.380000000000000 1.470875560641360 0.000000000000000E+00 6.60927797
0.400000000000000 1.468334634003760 0.000000000000000E+00 6.62649699
0.420000000000000 1.466131694162550 0.000000000000000E+00 6.64371879
0.440000000000000 1.464199185179090 0.000000000000000E+00 6.66095302
0.460000000000000 1.462485389688020 0.000000000000000E+00 6.67820765
0.480000000000000 1.460950125119080 0.000000000000000E+00 6.69548942
0.500000000000000 1.459561758489370 0.000000000000000E+00 6.71280409
0.520000000000000 1.458295093524070 0.000000000000000E+00 6.73015667
0.540000000000000 1.457129848111100 0.000000000000000E+00 6.74755162
0.560000000000000 1.456049539387500 0.000000000000000E+00 6.76499291
0.580000000000000 1.455040655422580 0.000000000000000E+00 6.78248417
0.600000000000000 1.454092031707370 0.000000000000000E+00 6.80002873
0.620000000000000 1.453194376171760 0.000000000000000E+00 6.81762971
0.640000000000000 1.452339903378750 0.000000000000000E+00 6.83529002
0.660000000000000 1.451522049953830 0.000000000000000E+00 6.85301241
0.680000000000000 1.450735251157360 0.000000000000000E+00 6.87079954
0.700000000000000 1.449974763947210 0.000000000000000E+00 6.88865395
0.720000000000000 1.449236525744400 0.000000000000000E+00 6.90657808
0.740000000000000 1.448517040856640 0.000000000000000E+00 6.92457432
0.760000000000000 1.447813288510600 0.000000000000000E+00 6.94264500
0.780000000000000 1.447122647898990 0.000000000000000E+00 6.96079240
0.800000000000000 1.446442836720470 0.000000000000000E+00 6.97901875
0.820000000000000 1.445771860497800 0.000000000000000E+00 6.99732627
0.840000000000000 1.445107970556330 0.000000000000000E+00 7.01571714
0.860000000000000 1.444449629007020 0.000000000000000E+00 7.03419350
0.880000000000000 1.443795479425870 0.000000000000000E+00 7.05275751
0.900000000000000 1.443144322190710 0.000000000000000E+00 7.07141127
0.920000000000000 1.442495093647500 0.000000000000000E+00 7.09015692
0.940000000000000 1.441846848437170 0.000000000000000E+00 7.10899654
0.960000000000001 1.441198744447230 0.000000000000000E+00 7.12793223
0.980000000000001 1.440550029949240 0.000000000000000E+00 7.14696609
1.000000000000000 1.439900032566910 0.000000000000000E+00 7.16610022
1.020000000000000 1.439248149780970 0.000000000000000E+00 7.18533668
1.040000000000000 1.438593840732070 0.000000000000000E+00 7.20467759
1.060000000000000 1.437936619120590 0.000000000000000E+00 7.22412504
1.080000000000000 1.437276047040180 0.000000000000000E+00 7.24368112
1.100000000000000 1.436611729605610 0.000000000000000E+00 7.26334794
1.120000000000000 1.435943310260910 0.000000000000000E+00 7.28312761
1.140000000000000 1.435270466670480 0.000000000000000E+00 7.30302226
1.160000000000000 1.434592907111960 0.000000000000000E+00 7.32303402
1.180000000000000 1.433910367301830 0.000000000000000E+00 7.34316503
1.200000000000000 1.433222607595550 0.000000000000000E+00 7.36341746
1.220000000000000 1.432529410512340 0.000000000000000E+00 7.38379347
1.240000000000000 1.431830578542520 0.000000000000000E+00 7.40429524
1.260000000000000 1.431125932200900 0.000000000000000E+00 7.42492498
1.280000000000000 1.430415308295450 0.000000000000000E+00 7.44568492
1.300000000000000 1.429698558384160 0.000000000000000E+00 7.46657728
1.320000000000000 1.428975547397440 0.000000000000000E+00 7.48760433
1.340000000000000 1.428246152405850 0.000000000000000E+00 7.50876835
1.360000000000000 1.427510261516100 0.000000000000000E+00 7.53007164
1.380000000000000 1.426767772880170 0.000000000000000E+00 7.55151652
1.400000000000000 1.426018593804690 0.000000000000000E+00 7.57310534
1.420000000000000 1.425262639949100 0.000000000000000E+00 7.59484047
1.440000000000000 1.424499834602670 0.000000000000000E+00 7.61672432
1.460000000000000 1.423730108031760 0.000000000000000E+00 7.63875931
1.480000000000000 1.422953396889510 0.000000000000000E+00 7.66094790
1.500000000000000 1.422169643681480 0.000000000000000E+00 7.68329258
1.520000000000000 1.421378796281130 0.000000000000000E+00 7.70579586
1.540000000000000 1.420580807490060 0.000000000000000E+00 7.72846029
1.560000000000000 1.419775634638280 0.000000000000000E+00 7.75128845
1.580000000000000 1.418963239220610 0.000000000000000E+00 7.77428297
1.600000000000000 1.418143586565330 0.000000000000000E+00 7.79744649
1.620000000000000 1.417316645532190 0.000000000000000E+00 7.82078170
1.640000000000000 1.416482388236570 0.000000000000000E+00 7.84429134
1.660000000000000 1.415640789797560 0.000000000000000E+00 7.86797815
1.680000000000000 1.414791828107490 0.000000000000000E+00 7.89184496
1.700000000000000 1.413935483620900 0.000000000000000E+00 7.91589461
1.720000000000000 1.413071739161260 0.000000000000000E+00 7.94012998
1.740000000000000 1.412200579743650 0.000000000000000E+00 7.96455402
1.760000000000000 1.411321992412020 0.000000000000000E+00 7.98916969
1.780000000000000 1.410435966089760 0.000000000000000E+00 8.01398004
1.800000000000000 1.409542491442270 0.000000000000000E+00 8.03898813
1.820000000000000 1.408641560750610 0.000000000000000E+00 8.06419708
1.840000000000000 1.407733167795180 0.000000000000000E+00 8.08961007
1.860000000000000 1.406817307748600 0.000000000000000E+00 8.11523032
1.880000000000000 1.405893977076980 0.000000000000000E+00 8.14106112
1.900000000000000 1.404963173448940 0.000000000000000E+00 8.16710579
1.920000000000000 1.404024895651610 0.000000000000000E+00 8.19336772
1.940000000000000 1.403079143513240 0.000000000000000E+00 8.21985037
1.960000000000000 1.402125917831610 0.000000000000000E+00 8.24655724
1.980000000000000 1.401165220308040 0.000000000000000E+00 8.27349190
2.000000000000000 1.400197053486350 0.000000000000000E+00 8.30065797
