0.200000000000000 1.550291911798530 0.000000000000000E+00    13.08115975
0.220000000000000 1.528190748470500 0.000000000000000E+00    13.10760188
0.240000000000000 1.513013648309800 0.000000000000000E+00    13.13328367
0.260000000000000 1.502017855772180 0.000000000000000E+00    13.15846651
0.280000000000000 1.493732445018370 0.000000000000000E+00    13.18330718
0.300000000000000 1.487296734306750 0.000000000000000E+00    13.20790692
0.320000000000000 1.482173902894000 0.000000000000000E+00    13.23233468
0.340000000000000 1.478012302940990 0.000000000000000E+00    13.25663950
0.360000000000000 1.474572432490900 0.000000000000000E+00    13.28085736
0.380000000000000 1.471685898250170 0.000000000000000E+00    13.30501541
0.400000000000000 1.469231120756920 0.000000000000000E+00    13.32913465
0.420000000000000 1.467118322280770 0.000000000000000E+00    13.35323159
0.440000000000000 1.465279912119080 0.000000000000000E+00    13.37731948
0.460000000000000 1.463664138030880 0.000000000000000E+00    13.40140910
0.480000000000000 1.462230782579970 0.000000000000000E+00    13.42550936
0.500000000000000 1.460948178009010 0.000000000000000E+00    13.44962770
0.520000000000000 1.459791093416220 0.000000000000000E+00    13.47377046
0.540000000000000 1.458739212249320 0.000000000000000E+00    13.49794306
0.560000000000000 1.457776017418660 0.000000000000000E+00    13.52215020
0.580000000000000 1.456887962998810 0.000000000000000E+00    13.54639603
0.600000000000000 1.456063850730490 0.000000000000000E+00    13.57068421
0.620000000000000 1.455294355047130 0.000000000000000E+00    13.59501804
0.640000000000000 1.454571657272630 0.000000000000000E+00    13.61940052
0.660000000000000 1.453889161055570 0.000000000000000E+00    13.64383439
0.680000000000000 1.453241268940690 0.000000000000000E+00    13.66832218
0.700000000000000 1.452623205433070 0.000000000000000E+00    13.69286626
0.720000000000000 1.452030875761790 0.000000000000000E+00    13.71746887
0.740000000000000 1.451460752302010 0.000000000000000E+00    13.74213211
0.760000000000000 1.450909782604530 0.000000000000000E+00    13.76685801
0.780000000000000 1.450375314439250 0.000000000000000E+00    13.79164852
0.800000000000000 1.449855034333180 0.000000000000000E+00    13.81650552
0.820000000000001 1.449346916883900 0.000000000000000E+00    13.84143085
0.840000000000001 1.448849182734620 0.000000000000000E+00    13.86642628
0.860000000000001 1.448360263552750 0.000000000000000E+00    13.89149358
0.880000000000001 1.447878772705960 0.000000000000000E+00    13.91663447
0.900000000000001 1.447403480594190 0.000000000000000E+00    13.94185066
0.920000000000001 1.446933293811170 0.000000000000000E+00    13.96714385
0.940000000000000 1.446467237467560 0.000000000000000E+00    13.99251571
0.960000000000001 1.446004440137370 0.000000000000000E+00    14.01796790
0.980000000000001 1.445544120991880 0.000000000000000E+00    14.04350210
1.000000000000000 1.445085578760990 0.000000000000000E+00    14.06911994
1.020000000000000 1.444628182235920 0.000000000000000E+00    14.09482310
1.040000000000000 1.444171362065680 0.000000000000000E+00    14.12061322
1.060000000000000 1.443714603652570 0.000000000000000E+00    14.14649196
1.080000000000000 1.443257440981010 0.000000000000000E+00    14.17246098
1.100000000000000 1.442799451240570 0.000000000000000E+00    14.19852193
1.120000000000000 1.442340250128870 0.000000000000000E+00    14.22467649
1.140000000000000 1.441879487738380 0.000000000000000E+00    14.25092631
1.160000000000000 1.441416844943850 0.000000000000000E+00    14.27727308
1.180000000000000 1.440952030223260 0.000000000000000E+00    14.30371849
1.200000000000000 1.440484776852870 0.000000000000000E+00    14.33026422
1.220000000000000 1.440014840427040 0.000000000000000E+00    14.35691196
1.240000000000000 1.439541996660540 0.000000000000000E+00    14.38366344
1.260000000000000 1.439066039436910 0.000000000000000E+00    14.41052036
1.280000000000000 1.438586779072090 0.000000000000000E+00    14.43748445
1.300000000000000 1.438104040765910 0.000000000000000E+00    14.46455745
1.320000000000000 1.437617663220010 0.000000000000000E+00    14.49174110
1.340000000000000 1.437127497399760 0.000000000000000E+00    14.51903717
1.360000000000000 1.436633405425470 0.000000000000000E+00    14.54644741
1.380000000000000 1.436135259576070 0.000000000000000E+00    14.57397362
1.400000000000000 1.435632941393690 0.000000000000000E+00    14.60161759
1.420000000000000 1.435126340876080 0.000000000000000E+00    14.62938113
1.440000000000000 1.434615355748750 0.000000000000000E+00    14.65726605
1.460000000000000 1.434099890806670 0.000000000000000E+00    14.68527419
1.480000000000000 1.433579857318870 0.000000000000000E+00    14.71340740
1.500000000000000 1.433055172488530 0.000000000000000E+00    14.74166755
1.520000000000000 1.432525758963250 0.000000000000000E+00    14.77005652
1.540000000000000 1.431991544389780 0.000000000000000E+00    14.79857620
1.560000000000000 1.431452461008910 0.000000000000000E+00    14.82722850
1.580000000000000 1.430908445286400 0.000000000000000E+00    14.85601535
1.600000000000000 1.430359437576110 0.000000000000000E+00    14.88493871
1.620000000000000 1.429805381812560 0.000000000000000E+00    14.91400053
1.640000000000000 1.429246225229440 0.000000000000000E+00    14.94320280
1.660000000000000 1.428681918102220 0.000000000000000E+00    14.97254753
1.680000000000000 1.428112413511920 0.000000000000000E+00    15.00203673
1.700000000000000 1.427537667128590 0.000000000000000E+00    15.03167245
1.720000000000000 1.426957637012200 0.000000000000000E+00    15.06145675
1.740000000000000 1.426372283429690 0.000000000000000E+00    15.09139172
1.760000000000000 1.425781568686430 0.000000000000000E+00    15.12147947
1.780000000000000 1.425185456971000 0.000000000000000E+00    15.15172213
1.800000000000000 1.424583914211950 0.000000000000000E+00    15.18212185
1.820000000000000 1.423976907945540 0.000000000000000E+00    15.21268082
1.840000000000000 1.423364407193530 0.000000000000000E+00    15.24340123
1.860000000000000 1.422746382350090 0.000000000000000E+00    15.27428532
1.880000000000000 1.422122805077090 0.000000000000000E+00    15.30533533
1.900000000000000 1.421493648207050 0.000000000000000E+00    15.33655357
1.920000000000000 1.420858885653090 0.000000000000000E+00    15.36794232
1.940000000000000 1.420218492325360 0.000000000000000E+00    15.39950393
1.960000000000000 1.419572444053290 0.000000000000000E+00    15.43124077
1.980000000000000 1.418920717513380 0.000000000000000E+00    15.46315524
2.000000000000000 1.418263290161860 0.000000000000000E+00    15.49524976
