0.200000000000000 1.549663145774430 0.000000000000000E+00 3.31894404
0.220000000000000 1.527422472816400 0.000000000000000E+00 3.33247420
0.240000000000000 1.512094253774570 0.000000000000000E+00 3.34565144
0.260000000000000 1.500935642515980 0.000000000000000E+00 3.35860713
0.280000000000000 1.492475728794210 0.000000000000000E+00 3.37142022
0.300000000000000 1.485853896731690 0.000000000000000E+00 3.38414188
0.320000000000000 1.480533417345600 0.000000000000000E+00 3.39680727
0.340000000000000 1.476162748633390 0.000000000000000E+00 3.40944163
0.360000000000000 1.472502502340950 0.000000000000000E+00 3.42206384
0.380000000000000 1.469384403272450 0.000000000000000E+00 3.43468846
0.400000000000000 1.466686992419720 0.000000000000000E+00 3.44732710
0.420000000000000 1.464320613617460 0.000000000000000E+00 3.45998925
0.440000000000000 1.462217798054690 0.000000000000000E+00 3.47268286
0.460000000000000 1.460326915202060 0.000000000000000E+00 3.48541473
0.480000000000000 1.458607868822130 0.000000000000000E+00 3.49819083
0.500000000000000 1.457029111621240 0.000000000000000E+00 3.51101644
0.520000000000000 1.455565532278490 0.000000000000000E+00 3.52389636
0.540000000000000 1.454196932841130 0.000000000000000E+00 3.53683496
0.560000000000000 1.452906913772780 0.000000000000000E+00 3.54983632
0.580000000000000 1.451682045615420 0.000000000000000E+00 3.56290424
0.600000000000000 1.450511245466210 0.000000000000000E+00 3.57604234
0.620000000000000 1.449385301993980 0.000000000000000E+00 3.58925404
0.640000000000000 1.448296509634000 0.000000000000000E+00 3.60254265
0.660000000000000 1.447238384026330 0.000000000000000E+00 3.61591135
0.680000000000000 1.446205438597010 0.000000000000000E+00 3.62936323
0.700000000000000 1.445193007634820 0.000000000000000E+00 3.64290130
0.720000000000000 1.444197105070960 0.000000000000000E+00 3.65652851
0.740000000000000 1.443214310919000 0.000000000000000E+00 3.67024775
0.760000000000000 1.442241679324670 0.000000000000000E+00 3.68406187
0.780000000000000 1.441276663630570 0.000000000000000E+00 3.69797370
0.800000000000000 1.440317054936050 0.000000000000000E+00 3.71198603
0.820000000000000 1.439360931434040 0.000000000000000E+00 3.72610162
0.840000000000000 1.438406616410050 0.000000000000000E+00 3.74032323
0.860000000000000 1.437452643245520 0.000000000000000E+00 3.75465363
0.880000000000000 1.436497726117890 0.000000000000000E+00 3.76909554
0.900000000000000 1.435540735358770 0.000000000000000E+00 3.78365172
0.920000000000000 1.434580676640860 0.000000000000000E+00 3.79832493
0.940000000000000 1.433616673326800 0.000000000000000E+00 3.81311791
0.960000000000001 1.432647951442060 0.000000000000000E+00 3.82803344
0.980000000000001 1.431673826834330 0.000000000000000E+00 3.84307432
1.000000000000000 1.430693694163070 0.000000000000000E+00 3.85824334
1.020000000000000 1.429707017426860 0.000000000000000E+00 3.87354335
1.040000000000000 1.428713321787680 0.000000000000000E+00 3.88897718
1.060000000000000 1.427712186493350 0.000000000000000E+00 3.90454774
1.080000000000000 1.426703238732740 0.000000000000000E+00 3.92025792
1.100000000000000 1.425686148286060 0.000000000000000E+00 3.93611067
1.120000000000000 1.424660622855020 0.000000000000000E+00 3.95210898
1.140000000000000 1.423626403976280 0.000000000000000E+00 3.96825586
1.160000000000000 1.422583263436470 0.000000000000000E+00 3.98455438
1.180000000000000 1.421531000120090 0.000000000000000E+00 4.00100763
1.200000000000000 1.420469437231850 0.000000000000000E+00 4.01761878
1.220000000000000 1.419398419843780 0.000000000000000E+00 4.03439101
1.240000000000000 1.418317812724750 0.000000000000000E+00 4.05132758
1.260000000000000 1.417227498416160 0.000000000000000E+00 4.06843178
1.280000000000000 1.416127375522790 0.000000000000000E+00 4.08570697
1.300000000000000 1.415017357191930 0.000000000000000E+00 4.10315656
1.320000000000000 1.413897369757980 0.000000000000000E+00 4.12078403
1.340000000000000 1.412767351532340 0.000000000000000E+00 4.13859290
1.360000000000000 1.411627251721590 0.000000000000000E+00 4.15658679
1.380000000000000 1.410477029458750 0.000000000000000E+00 4.17476935
1.400000000000000 1.409316652934810 0.000000000000000E+00 4.19314432
1.420000000000000 1.408146098618960 0.000000000000000E+00 4.21171551
1.440000000000000 1.406965350557690 0.000000000000000E+00 4.23048680
1.460000000000000 1.405774399744110 0.000000000000000E+00 4.24946215
1.480000000000000 1.404573243549650 0.000000000000000E+00 4.26864559
1.500000000000000 1.403361885211770 0.000000000000000E+00 4.28804125
1.520000000000000 1.402140333371310 0.000000000000000E+00 4.30765332
1.540000000000000 1.400908601654800 0.000000000000000E+00 4.32748611
1.560000000000000 1.399666708296630 0.000000000000000E+00 4.34754399
1.580000000000000 1.398414675797360 0.000000000000000E+00 4.36783144
1.600000000000000 1.397152530614330 0.000000000000000E+00 4.38835302
1.620000000000000 1.395880302881490 0.000000000000000E+00 4.40911341
1.640000000000000 1.394598026155530 0.000000000000000E+00 4.43011737
1.660000000000000 1.393305737185760 0.000000000000000E+00 4.45136977
1.680000000000000 1.392003475705530 0.000000000000000E+00 4.47287560
1.700000000000000 1.390691284243120 0.000000000000000E+00 4.49463995
1.720000000000000 1.389369207950220 0.000000000000000E+00 4.51666803
1.740000000000000 1.388037294446530 0.000000000000000E+00 4.53896516
1.760000000000000 1.386695593678890 0.000000000000000E+00 4.56153678
1.780000000000000 1.385344157793660 0.000000000000000E+00 4.58438846
1.800000000000000 1.383983041021250 0.000000000000000E+00 4.60752589
1.820000000000000 1.382612299571580 0.000000000000000E+00 4.63095491
1.840000000000000 1.381231991539700 0.000000000000000E+00 4.65468148
1.860000000000000 1.379842176820570 0.000000000000000E+00 4.67871170
1.880000000000000 1.378442917032270 0.000000000000000E+00 4.70305182
1.900000000000000 1.377034275446940 0.000000000000000E+00 4.72770823
1.920000000000000 1.375616316928810 0.000000000000000E+00 4.75268747
1.940000000000000 1.374189107878680 0.000000000000000E+00 4.77799625
1.960000000000000 1.372752716184460 0.000000000000000E+00 4.80364144
1.980000000000000 1.371307211177130 0.000000000000000E+00 4.82963005
2.000000000000000 1.369852663591820 0.000000000000000E+00 4.85596929
