0.200000000000000 1.549933524920660 2.042810365310290E-14      4.99170001
0.220000000000000 1.527753033008850 2.998426160139010E-14      5.01297455
0.240000000000000 1.512490063948310 4.274358644806850E-14      5.03375243
0.260000000000000 1.501401822365950 5.981326545168030E-14      5.05424082
0.280000000000000 1.493017403632560 8.217038161006940E-14      5.07456556
0.300000000000000 1.486476176358290 1.113345526881920E-13      5.09480929
0.320000000000000 1.481241385387260 1.490934112280410E-13      5.11502962
0.340000000000000 1.476961456959750 1.976752095345090E-13      5.13526868
0.360000000000000 1.473396968147460 2.596256543085930E-13      5.15555850
0.380000000000000 1.470379607653770 3.386180225106730E-13      5.17592432
0.400000000000000 1.467787879819510 4.383253109449820E-13      5.19638661
0.420000000000000 1.465532091813220 5.642153411145050E-13      5.21696246
0.440000000000000 1.463544738480860 7.217559883088140E-13      5.23766647
0.460000000000000 1.461774153492350 9.190238359820660E-13      5.25851140
0.480000000000000 1.460180205496850 1.164845997436710E-12      5.27950865
0.500000000000000 1.458731312873150 1.470379373813560E-12      5.30066858
0.520000000000000 1.457402330825350 1.848854402908270E-12      5.32200078
0.540000000000000 1.456173028824740 2.316924430090240E-12      5.34351421
0.560000000000000 1.455026975690750 2.893847048841430E-12      5.36521744
0.580000000000000 1.453950711275370 3.603894960235720E-12      5.38711866
0.600000000000000 1.452933122957550 4.475864123776320E-12      5.40922587
0.620000000000000 1.451964970670570 5.545014100660770E-12      5.43154690
0.640000000000000 1.451038521106350 6.853240197557400E-12      5.45408948
0.660000000000000 1.450147263160770 8.451905841866390E-12      5.47686131
0.680000000000000 1.449285684520000 1.040234630204920E-11      5.49987009
0.700000000000000 1.448449094742540 1.277919436937230E-11      5.52312357
0.720000000000000 1.447633484043110 1.567190995033220E-11      5.54662959
0.740000000000000 1.446835409736820 1.918848413495770E-11      5.57039606
0.760000000000000 1.446051904293340 2.345888761023930E-11      5.59443108
0.780000000000000 1.445280400406200 2.863970172128920E-11      5.61874287
0.800000000000000 1.444518669557490 3.491912314856900E-11      5.64333987
0.820000000000001 1.443764771360130 4.252378310587450E-11      5.66823071
0.840000000000001 1.443017011562580 5.172573480649590E-11      5.69342425
0.860000000000001 1.442273907058590 6.285172382547440E-11      5.71892962
0.880000000000001 1.441534156594150 7.629441522993830E-11      5.74475619
0.900000000000001 1.440796616133130 9.252454011288160E-11      5.77091364
0.920000000000001 1.440060278052190 1.121066555559440E-10      5.79741197
0.940000000000000 1.439324253498340 1.357173262661600E-10      5.82426148
0.960000000000001 1.438587757370860 1.641661251383650E-10      5.85147284
0.980000000000001 1.437850095490470 1.984229447415940E-10      5.87905707
1.000000000000000 1.437110653599080 2.396460807574390E-10      5.90702560
1.020000000000000 1.436368887897770 2.892196482306990E-10      5.93539024
1.040000000000000 1.435624316882220 3.487962141335290E-10      5.96416323
1.060000000000000 1.434876514276600 4.203463133123360E-10      5.99335725
1.080000000000000 1.434125102900580 5.062178731751740E-10      6.02298547
1.100000000000000 1.433369749331710 6.092060467199900E-10      6.05306151
1.120000000000000 1.432610159247890 7.326348139269360E-10      6.08359952
1.140000000000000 1.431846073353150 8.804532658501780E-10      6.11461416
1.160000000000000 1.431077263805140 1.057348320010480E-09      6.14612065
1.180000000000000 1.430303531075510 1.268876503813990E-09      6.17813478
1.200000000000000 1.429524701184540 1.521618046840260E-09      6.21067294
1.220000000000000 1.428740623260330 1.823357062558100E-09      6.24375212
1.240000000000000 1.427951167380220 2.183290426921450E-09      6.27738997
1.260000000000000 1.427156222657930 2.612271801866530E-09      6.31160480
1.280000000000000 1.426355695545350 3.123094810542070E-09      6.34641561
1.300000000000000 1.425549508322150 3.730820041791820E-09      6.38184213
1.320000000000000 1.424737597750070 4.453156066119840E-09      6.41790484
1.340000000000000 1.423919913871880 5.310896222798790E-09      6.45462496
1.360000000000000 1.423096418937590 6.328426394031080E-09      6.49202456
1.380000000000000 1.422267086442970 7.534304902190310E-09      6.53012651
1.400000000000000 1.421431900267090 8.961934305773410E-09      6.56895456
1.420000000000000 1.420590853897570 1.065032628755350E-08      6.60853335
1.440000000000000 1.419743949733280 1.264498428188430E-08      6.64888846
1.460000000000000 1.418891198456020 1.499890411871260E-08      6.69004640
1.480000000000000 1.418032618463050 1.777372526934330E-08      6.73203473
1.500000000000000 1.417168235354050 2.104103247191350E-08      6.77488201
1.520000000000000 1.416298081466170 2.488384265308950E-08      6.81861787
1.540000000000000 1.415422195452050 2.939828169790100E-08      6.86327306
1.560000000000000 1.414540621896180 3.469551790313830E-08      6.90887950
1.580000000000000 1.413653410964970 4.090386396260470E-08      6.95547030
1.600000000000000 1.412760618087580 4.817125898171070E-08      7.00307978
1.620000000000000 1.411862303663310 5.666797608938620E-08      7.05174357
1.640000000000000 1.410958532793400 6.658970086448330E-08      7.10149866
1.660000000000000 1.410049375033960 7.816097347124180E-08      7.15238337
1.680000000000000 1.409134904168030 9.163901715236730E-08      7.20443748
1.700000000000000 1.408215197994690 1.073181550292900E-07      7.25770226
1.720000000000000 1.407290338132597 1.255343634598560E-07      7.31222053
1.740000000000000 1.406360409837442 1.466706944786011E-07      7.36803669
1.760000000000000 1.405425501830630 1.711637281909260E-07      7.42519681
1.780000000000000 1.404485706138110 1.995087907658010E-07      7.48374868
1.800000000000000 1.403541117938520 2.322684953814930E-07      7.54374190
1.820000000000000 1.402591835418710 2.700800124100230E-07      7.60522787
1.840000000000000 1.401637959636110 3.136639235012950E-07      7.66825995
1.860000000000000 1.400679594386770 3.638337738309790E-07      7.73289350
1.880000000000000 1.399716846078020 4.215065298462940E-07      7.79918590
1.900000000000000 1.398749823605200 4.877139557768470E-07      7.86719671
1.920000000000000 1.397778638231460 5.636150114396440E-07      7.93698770
1.940000000000000 1.396803403469960 6.505092922937110E-07      8.00862291
1.960000000000000 1.395824234967820 7.498515528225890E-07      8.08216879
1.980000000000000 1.394841250391250 8.632674015629500E-07      8.15769422
2.000000000000000 1.393854569311040 9.925701303370450E-07      8.23527067
