0.200000000000000 1.549291127914250 8.065770273901760E-14      2.35463482
0.220000000000000 1.526970237775100 1.281875420291710E-13      2.36961959
0.240000000000000 1.511555782587250 1.974947982930070E-13      2.38432799
0.260000000000000 1.500304966006960 2.972622148433860E-13      2.39890529
0.280000000000000 1.491746991148940 4.393431148400070E-13      2.41344106
0.300000000000000 1.485021385753130 6.393774398816280E-13      2.42799537
0.320000000000000 1.479591580239610 9.185985305748550E-13      2.44261128
0.340000000000000 1.475106200819400 1.305289210051800E-12      2.45732139
0.360000000000000 1.471326032637950 1.837419105754630E-12      2.47215162
0.380000000000000 1.468082977096490 2.564948253791500E-12      2.48712343
0.400000000000000 1.465255753853500 3.554712080244830E-12      2.50225527
0.420000000000000 1.462754886829810 4.894654126452730E-12      2.51756349
0.440000000000000 1.460513088351390 6.701306176637440E-12      2.53306306
0.460000000000000 1.458478909880530 9.128142686165570E-12      2.54876798
0.480000000000000 1.456612437940230 1.237723812330670E-11      2.56469162
0.500000000000000 1.454882308755020 1.671441457462560E-11      2.58084701
0.520000000000000 1.453263595319180 2.248870534238280E-11      2.59724699
0.540000000000000 1.451736284868790 3.015793170746410E-11      2.61390443
0.560000000000000 1.450284164034430 4.032169043100000E-11      2.63083230
0.580000000000000 1.448893990628190 5.376510348042980E-11      2.64804380
0.600000000000000 1.447554870264010 7.151301772978510E-11      2.66555249
0.620000000000000 1.446257781529580 9.490352947949530E-11      2.68337233
0.640000000000000 1.444995210349410 1.256792447890120E-10      2.70151775
0.660000000000000 1.443760865600740 1.661074611192250E-10      2.72000378
0.680000000000000 1.442549455879620 2.191319348199270E-10      2.73884605
0.700000000000000 1.441356512770190 2.885685024267560E-10      2.75806089
0.720000000000000 1.440178249821460 3.793538816410090E-10      2.77766539
0.740000000000000 1.439011449188540 4.978618628470600E-10      2.79767746
0.760000000000000 1.437853369886510 6.523045437134560E-10      2.81811587
0.780000000000000 1.436701673060580 8.532385353809960E-10      2.83900035
0.800000000000000 1.435554360751550 1.114202341501170E-09      2.86035161
0.820000000000001 1.434409725437080 1.452517939259930E-09      2.88219145
0.840000000000001 1.433266308232360 1.890289660910760E-09      2.90454276
0.860000000000001 1.432122864091220 2.455655137567630E-09      2.92742965
0.880000000000001 1.430978332698600 3.184331576200350E-09      2.95087747
0.900000000000001 1.429831814014190 4.121535501777630E-09      2.97491290
0.920000000000001 1.428682547636600 5.324335805578780E-09      2.99956402
0.940000000000000 1.427529895319960 6.864569468412190E-09      3.02486035
0.960000000000001 1.426373326103370 8.832399145397570E-09      3.05083298
0.980000000000001 1.425212403614670 1.134058524865370E-08      3.07751460
1.000000000000000 1.424046775190680 1.452978626304000E-08      3.10493961
1.020000000000000 1.422876162520340 1.857490528056620E-08      3.13314418
1.040000000000000 1.421700353568490 2.369265172941230E-08      3.16216636
1.060000000000000 1.420519195580730 3.015075966672500E-08      3.19204615
1.080000000000000 1.419332589002220 3.827888583884940E-08      3.22282561
1.100000000000000 1.418140482172120 4.848155021885960E-08      3.25454896
1.120000000000000 1.416942866677100 6.125352169927820E-08      3.28726266
1.140000000000000 1.415739773266210 7.719787620263930E-08      3.32101555
1.160000000000000 1.414531268244520 9.704719317049640E-08      3.35585896
1.180000000000000 1.413317450275660 1.216882957733030E-07      3.39184682
1.200000000000000 1.412098447533773 1.521909835933144E-07      3.42903578
1.220000000000000 1.410874415154220 1.898412508860580E-07      3.46748535
1.240000000000000 1.409645532939590 2.361795006788900E-07      3.50725805
1.260000000000000 1.408412003283770 2.930442809523370E-07      3.54841950
1.280000000000000 1.407174049281855 3.626220861641105E-07      3.59103866
1.300000000000000 1.405931912998180 4.475037629902980E-07      3.63518789
1.320000000000000 1.404685853868250 5.507480463073920E-07      3.68094316
1.340000000000000 1.403436147213560 6.759527155508760E-07      3.72838418
1.360000000000000 1.402183082851000 8.273338354541910E-07      3.77759462
1.380000000000000 1.400926963780680 1.009813435537410E-06      3.82866221
1.400000000000000 1.399668104938070 1.229115931474650E-06      3.88167894
1.420000000000000 1.398406831998100 1.491873457392520E-06      3.93674125
1.440000000000000 1.397143480220210 1.805740022620130E-06      3.99395016
1.460000000000000 1.395878393324890 2.179514751607381E-06      4.05341146
1.480000000000000 1.394611922393000 2.623272817442457E-06      4.11523583
1.500000000000000 1.393344424781230 3.148504991390410E-06      4.17953904
1.520000000000000 1.392076263046660 3.768263495546040E-06      4.24644206
1.540000000000000 1.390807803875660 4.497313848828010E-06      4.31607116
1.560000000000000 1.389539417012610 5.352290922355780E-06      4.38855804
1.580000000000000 1.388271474185030 6.351857501807330E-06      4.46403991
1.600000000000000 1.387004348022570 7.516863230250250E-06      4.54265953
1.620000000000000 1.385738410968480 8.870501487179270E-06      4.62456524
1.640000000000000 1.384474034182770 1.043846148984780E-05      4.70991092
1.660000000000000 1.383211586437420 1.224907200492180E-05      4.79885597
1.680000000000000 1.381951433005620 1.433343768997290E-05      4.89156518
1.700000000000000 1.380693934545630 1.672555195725290E-05      4.98820861
1.720000000000000 1.379439445985290 1.946240409145260E-05      5.08896135
1.740000000000000 1.378188315408780 2.258405574356860E-05      5.19400323
1.760000000000000 1.376940882952730 2.613369739246080E-05      5.30351858
1.780000000000000 1.375697479716630 3.015767430181170E-05      5.41769572
1.800000000000000 1.374458426694720 3.470548292289210E-05      5.53672659
1.820000000000000 1.373224033737260 3.982973584792940E-05      5.66080614
1.840000000000000 1.371994598549180 4.558608790944390E-05      5.79013175
1.860000000000000 1.370770405733020 5.203312928719890E-05      5.92490256
1.880000000000000 1.369551725887540 5.923224051640470E-05      6.06531870
1.900000000000000 1.368338814767640 6.724741108765640E-05      6.21158049
1.920000000000000 1.367131912516200 7.614502279462700E-05      6.36388751
1.940000000000000 1.365931242974110 8.599359968269880E-05      6.52243774
1.960000000000000 1.364737013076660 9.686352729287860E-05      6.68742653
1.980000000000000 1.363549412342080 1.088267448665080E-04      6.85904556
2.000000000000000 1.362368612457640 1.219564146356070E-04      7.03748180
