0.200000000000000 1.550150272273990 9.547918011776350E-15      8.03236564
0.220000000000000 1.528017695877820 1.343369859796440E-14      8.05906528
0.240000000000000 1.512806576688080 1.854072451124010E-14      8.08508811
0.260000000000000 1.501774141273830 2.503552920529730E-14      8.11069506
0.280000000000000 1.493449470094090 3.320556178111610E-14      8.13604384
0.300000000000000 1.486971899289610 4.347825200454010E-14      8.16123735
0.320000000000000 1.481804632088190 5.641004425543560E-14      8.18634672
0.340000000000000 1.477596048044320 7.237266341775240E-14      8.21142342
0.360000000000000 1.474106674615650 9.208795835255470E-14      8.23650606
0.380000000000000 1.471168149159100 1.162819840416770E-13      8.26162459
0.400000000000000 1.468658923637700 1.458627869096310E-13      8.28680286
0.420000000000000 1.466489252237840 1.819100425848320E-13      8.31206035
0.440000000000000 1.464591576486720 2.255830071351550E-13      8.33741330
0.460000000000000 1.462914176570300 2.784994457272210E-13      8.36287556
0.480000000000000 1.461416867599710 3.421268866172830E-13      8.38845913
0.500000000000000 1.460068014433860 4.186859192678580E-13      8.41417461
0.520000000000000 1.458842418821380 5.104805467226470E-13      8.44003151
0.540000000000000 1.457719796871220 6.203926261605370E-13      8.46603845
0.560000000000000 1.456683664149900 7.515219881544220E-13      8.49220342
0.580000000000000 1.455720507373470 9.078293672359910E-13      8.51853383
0.600000000000000 1.454819160902880 1.093222734560580E-12      8.54503669
0.620000000000000 1.453970331767630 1.313726905038950E-12      8.57171868
0.640000000000000 1.453166233862390 1.574629315825860E-12      8.59858621
0.660000000000000 1.452400303381920 1.883271316671650E-12      8.62564549
0.680000000000000 1.451666975394440 2.247646513353630E-12      8.65290258
0.700000000000000 1.450961506908910 2.677746913093420E-12      8.68036342
0.720000000000000 1.450279835642360 3.184119634624950E-12      8.70803390
0.740000000000000 1.449618466446280 3.779587753882650E-12      8.73591983
0.760000000000000 1.448974379341600 4.479638882060040E-12      8.76402701
0.780000000000000 1.448344954567770 5.301092897980200E-12      8.79236124
0.800000000000000 1.447727911126330 6.264266882993750E-12      8.82092834
0.820000000000001 1.447121256101030 7.392753076373990E-12      8.84973418
0.840000000000001 1.446523242639630 8.713616633793110E-12      8.87878467
0.860000000000001 1.445932334939980 1.025829421408280E-11      8.90808579
0.880000000000001 1.445347178932560 1.206336419645740E-11      8.93764361
0.900000000000001 1.444766577621090 1.417124262988870E-11      8.96746428
0.920000000000001 1.444189470251770 1.663098825321900E-11      8.99755407
0.940000000000000 1.443614914644650 1.949948535973080E-11      9.02791937
0.960000000000001 1.443042072148790 2.284268520863500E-11      9.05856668
0.980000000000001 1.442470194784260 2.673694599053530E-11      9.08950266
1.000000000000000 1.441898614214300 3.127057987550860E-11      9.12073410
1.020000000000000 1.441326732255300 3.654598151880960E-11      9.15226797
1.040000000000000 1.440754012684030 4.268152498099200E-11      9.18411139
1.060000000000000 1.440179974143010 4.981426382499880E-11      9.21627167
1.080000000000000 1.439604183978870 5.810257830418660E-11      9.24875631
1.100000000000000 1.439026252875970 6.772976623992120E-11      9.28157298
1.120000000000000 1.438445830170090 7.890688102918380E-11      9.31472958
1.140000000000000 1.437862599745480 9.187950747446830E-11      9.34823425
1.160000000000000 1.437276276433790 1.069295763045370E-10      9.38209530
1.180000000000000 1.436686602845970 1.243835034969720E-10      9.41632131
1.200000000000000 1.436093346578880 1.446178749670010E-10      9.45092110
1.220000000000000 1.435496297746780 1.680667827130830E-10      9.48590376
1.240000000000000 1.434895266795460 1.952317196796120E-10      9.52127861
1.260000000000000 1.434290082562740 2.266894449931560E-10      9.55705528
1.280000000000000 1.433680590554270 2.631060924684900E-10      9.59324367
1.300000000000000 1.433066651407800 3.052479380372120E-10      9.62985397
1.320000000000000 1.432448139523090 3.539969428700830E-10      9.66689671
1.340000000000000 1.431824941837300 4.103679618339130E-10      9.70438270
1.360000000000000 1.431196956728740 4.755285054613980E-10      9.74232312
1.380000000000000 1.430564093033980 5.508205003224020E-10      9.78072945
1.400000000000000 1.429926269165180 6.377850469974080E-10      9.81961356
1.420000000000000 1.429283412316390 7.381912858761550E-10      9.85898768
1.440000000000000 1.428635457748810 8.540699258929860E-10      9.89886440
1.460000000000000 1.427982348146220 9.877493822862960E-10      9.93925673
1.480000000000000 1.427324033033090 1.141897881806740E-09      9.98017808
1.500000000000000 1.426660468248510 1.319571729663240E-09    10.02164227
1.520000000000000 1.425991615470070 1.524269183095230E-09    10.06366355
1.540000000000000 1.425317441782470 1.759991603844660E-09    10.10625664
1.560000000000000 1.424637919286180 2.031312921688120E-09    10.14943670
1.580000000000000 1.423953024742130 2.343458024856030E-09    10.19321941
1.600000000000000 1.423262739248710 2.702391303788240E-09    10.23762088
1.620000000000000 1.422567047947920 3.114915742008510E-09    10.28265779
1.640000000000000 1.421865939757720 3.588786698371930E-09    10.32834732
1.660000000000000 1.421159407128120 4.132835296211110E-09    10.37470720
1.680000000000000 1.420447445818610 4.757121030429800E-09    10.42175572
1.700000000000000 1.419730054694860 5.473072717254720E-09    10.46951175
1.720000000000000 1.419007235543070 6.293687071501350E-09    10.51799477
1.740000000000000 1.418278992900010 7.233719956367680E-09    10.56722488
1.760000000000000 1.417545333897490 8.309913424042750E-09    10.61722279
1.780000000000000 1.416806268119870 9.541258894074640E-09    10.66800990
1.800000000000000 1.416061807473530 1.094924251265890E-08    10.71960829
1.820000000000000 1.415311966066560 1.255822046353220E-08    10.77204072
1.840000000000000 1.414556760099010 1.439570240791000E-08    10.82533070
1.860000000000000 1.413796207761440 1.649283520865910E-08    10.87950249
1.880000000000000 1.413030329141650 1.888470546607120E-08    10.93458110
1.900000000000000 1.412259146138900 2.161094148078750E-08    10.99059237
1.920000000000000 1.411482682384730 2.471620252908480E-08    11.04756293
1.940000000000000 1.410700963169790 2.825078659896010E-08    11.10552030
1.960000000000000 1.409914015376370 3.227124956151070E-08    11.16449286
1.980000000000000 1.409121867415680 3.684122418246000E-08    11.22450990
2.000000000000000 1.408324549169990 4.203213965769950E-08    11.28560164
