0.200000000000000 1.549742027936160 3.367141634957880E-14      3.74147516
0.220000000000000 1.527519454564330 5.079357073833890E-14      3.76004636
0.240000000000000 1.512211017699460 7.435718707426990E-14      3.77821340
0.260000000000000 1.501073912672530 1.065848798109670E-13      3.79615675
0.280000000000000 1.492637258043690 1.501563630379450E-13      3.81398648
0.300000000000000 1.486040461025560 2.084998840246040E-13      3.83177532
0.320000000000000 1.480746813042760 2.859379399922090E-13      3.84957436
0.340000000000000 1.476404791294170 3.881339694089550E-13      3.86742131
0.360000000000000 1.472775026302110 5.220268661787490E-13      3.88534523
0.380000000000000 1.469689261663060 6.966510701644780E-13      3.90336933
0.400000000000000 1.467026057441930 9.230255448855470E-13      3.92151278
0.420000000000000 1.464695776993740 1.215361145057160E-12      3.93979188
0.440000000000000 1.462630971586020 1.591171638892770E-12      3.95822085
0.460000000000000 1.460780031403850 2.072675364672710E-12      3.97681240
0.480000000000000 1.459102881617440 2.687405853407650E-12      3.99557816
0.500000000000000 1.457567997079980 3.469891041163460E-12      4.01452892
0.520000000000000 1.456150289394250 4.463207581295590E-12      4.03367491
0.540000000000000 1.454829584341700 5.721034757044660E-12      4.05302593
0.560000000000000 1.453589506962210 7.309930438736960E-12      4.07259154
0.580000000000000 1.452416653245730 9.312717264009510E-12      4.09238110
0.600000000000000 1.451299966640160 1.183264597415250E-11      4.11240390
0.620000000000000 1.450230263097340 1.499762206785830E-11      4.13266924
0.640000000000000 1.449199865299500 1.896630292055890E-11      4.15318646
0.660000000000000 1.448202318130190 2.393552023249870E-11      4.17396503
0.680000000000000 1.447232165288610 3.014892502317680E-11      4.19501456
0.700000000000000 1.446284772401900 3.790828762006980E-11      4.21634489
0.720000000000000 1.445356185841170 4.758682337069330E-11      4.23796608
0.740000000000000 1.444443019199480 5.964573279726440E-11      4.25988847
0.760000000000000 1.443542361381170 7.465517093407930E-11      4.28212273
0.780000000000000 1.442651701707680 9.331779793342320E-11      4.30467986
0.800000000000000 1.441768868519800 1.165004759329240E-10      4.32757123
0.820000000000001 1.440891978558510 1.452715725491770E-10      4.35080864
0.840000000000001 1.440019395009040 1.809444954981030E-10      4.37440429
0.860000000000001 1.439149692550690 2.251347996917730E-10      4.39837088
0.880000000000001 1.438281628104330 2.798257181524380E-10      4.42272158
0.900000000000001 1.437414116239000 3.474503462719270E-10      4.44747010
0.920000000000001 1.436546208408030 4.309886891817880E-10      4.47263069
0.940000000000000 1.435677075347770 5.340875519621590E-10      4.49821819
0.960000000000001 1.434805992100680 6.612024261443140E-10      4.52424806
0.980000000000001 1.433932325225280 8.177708510359590E-10      4.55073640
1.000000000000000 1.433055521836230 1.010418304581150E-09      4.57769997
1.020000000000000 1.432175100181910 1.247206671273200E-09      4.60515627
1.040000000000000 1.431290641518670 1.537930879869090E-09      4.63312351
1.060000000000000 1.430401783082400 1.894472309929560E-09      4.66162069
1.080000000000000 1.429508211991920 2.331221687912330E-09      4.69066762
1.100000000000000 1.428609659946380 2.865579329380810E-09      4.72028496
1.120000000000000 1.427705898600910 3.518551755510300E-09      4.75049424
1.140000000000000 1.426796735523930 4.315443946634190E-09      4.78131790
1.160000000000000 1.425882010653930 5.286711401986110E-09      4.81277936
1.180000000000000 1.424961593187000 6.468915125790180E-09      4.84490303
1.200000000000000 1.424035378836120 7.905880956837750E-09      4.87771434
1.220000000000000 1.423103287412480 9.650043208964120E-09      4.91123983
1.240000000000000 1.422165260686170 1.176401698277370E-08      4.94550714
1.260000000000000 1.421221260489710 1.432243323939990E-08      4.98054510
1.280000000000000 1.420271267033030 1.741407817945630E-08      5.01638376
1.300000000000000 1.419315277403110 2.114434360933620E-08      5.05305441
1.320000000000000 1.418353304224810 2.563814438527600E-08      5.09058969
1.340000000000000 1.417385374462730 3.104317536362090E-08      5.12902360
1.360000000000000 1.416411528346750 3.753374611115130E-08      5.16839157
1.380000000000000 1.415431818405810 4.531513908556660E-08      5.20873051
1.400000000000000 1.414446308596930 5.462866503602730E-08      5.25007889
1.420000000000000 1.413455073517500 6.575729061264470E-08      5.29247678
1.440000000000000 1.412458197691010 7.903224263916540E-08      5.33596591
1.460000000000000 1.411455774917010 9.484035989881790E-08      5.38058979
1.480000000000000 1.410447907677630 1.136324757622380E-07      5.42639369
1.500000000000000 1.409434706593500 1.359328762884360E-07      5.47342481
1.520000000000000 1.408416289923080 1.623499439329380E-07      5.52173229
1.540000000000000 1.407392783099827 1.935881047687715E-07      5.57136733
1.560000000000000 1.406364318302350 2.304611920189710E-07      5.62238323
1.580000000000000 1.405331034053220 2.739073549085090E-07      5.67483551
1.600000000000000 1.404293074842590 3.250056321568720E-07      5.72878202
1.620000000000000 1.403250590772950 3.849942822875540E-07      5.78428293
1.640000000000000 1.402203737222330 4.552912087341100E-07      5.84140096
1.660000000000000 1.401152674522120 5.375159904397190E-07      5.90020136
1.680000000000000 1.400097567648440 6.335146360003650E-07      5.96075212
1.700000000000000 1.399038585923350 7.453861812500850E-07      6.02312394
1.720000000000000 1.397975902724410 8.755118169195830E-07      6.08739048
1.740000000000000 1.396909695200690 1.026586438600260E-06      6.15362832
1.760000000000000 1.395840143993230 1.201652711866480E-06      6.22191719
1.780000000000000 1.394767432958380 1.404137689550720E-06      6.29234001
1.800000000000000 1.393691748893210 1.637892091919950E-06      6.36498300
1.820000000000000 1.392613281259570 1.907231945902370E-06      6.43993582
1.840000000000000 1.391532221909000 2.216983022565455E-06      6.51729164
1.860000000000000 1.390448764803890 2.572527574684624E-06      6.59714728
1.880000000000000 1.389363105736220 2.979853207518701E-06      6.67960325
1.900000000000000 1.388275442041820 3.445604495749820E-06      6.76476394
1.920000000000000 1.387185972310010 3.977135562382990E-06      6.85273761
1.940000000000000 1.386094896087590 4.582565165112130E-06      6.94363657
1.960000000000000 1.385002413576820 5.270832546089290E-06      7.03757716
1.980000000000000 1.383908725326820 6.051754316727110E-06      7.13467989
2.000000000000000 1.382814031918190 6.936082218023110E-06      7.23506948
