0.200000000000000 1.550195605726720 7.771561172376100E-15      9.20596992
0.220000000000000 1.528073095475300 1.088018564132650E-14      9.23447976
0.240000000000000 1.512872881185190 1.487698852997710E-14      9.26225359
0.260000000000000 1.501852195817020 1.965094753586530E-14      9.28957035
0.280000000000000 1.493540118501920 2.607484540784190E-14      9.31659842
0.300000000000000 1.487075980364650 3.397282455352980E-14      9.34344752
0.320000000000000 1.481922977686860 4.356986878218100E-14      9.37019334
0.340000000000000 1.477729481999690 5.548339565564220E-14      9.39689053
0.360000000000000 1.474256012108550 6.998394919133230E-14      9.42357998
0.380000000000000 1.471334196340190 8.768680226367560E-14      9.45029329
0.400000000000000 1.468842477397060 1.091248402404490E-13      9.47705555
0.420000000000000 1.466691100064890 1.350169704771720E-13      9.50388714
0.440000000000000 1.464812496387070 1.661865089985780E-13      9.53080499
0.460000000000000 1.463154937019670 2.035593915650230E-13      9.55782345
0.480000000000000 1.461678227522190 2.482458683061850E-13      9.58495487
0.500000000000000 1.460350723196480 3.014255511857300E-13      9.61221010
0.520000000000000 1.459147216239610 3.647811219753550E-13      9.63959879
0.540000000000000 1.458047413221850 4.399813846589500E-13      9.66712965
0.560000000000000 1.457034820188700 5.289657600826560E-13      9.69481066
0.580000000000000 1.456095914355920 6.340969416207540E-13      9.72264920
0.600000000000000 1.455219520606650 7.581157923652880E-13      9.75065217
0.620000000000000 1.454396336515900 9.040546089522650E-13      9.77882613
0.640000000000000 1.453618566547250 1.075584066256850E-12      9.80717729
0.660000000000000 1.452879637487400 1.276895256197010E-12      9.83571165
0.680000000000000 1.452173975018630 1.512789893354240E-12      9.86443502
0.700000000000000 1.451496826784920 1.788564088500700E-12      9.89335307
0.720000000000000 1.450844121157860 2.110976324298800E-12      9.92247135
0.740000000000000 1.450212353661250 2.487232642067740E-12      9.95179533
0.760000000000000 1.449598495004280 2.925881759097140E-12      9.98133044
0.780000000000000 1.448999916128520 3.436695806408040E-12    10.01108207
0.800000000000000 1.448414326749280 4.030942246657790E-12    10.04105562
0.820000000000001 1.447839724673370 4.721334434520940E-12    10.07125647
0.840000000000001 1.447274353778500 5.523137502905230E-12    10.10169004
0.860000000000001 1.446716668996700 6.453337864087420E-12    10.13236179
0.880000000000001 1.446165306994240 7.531676671224120E-12    10.16327721
0.900000000000001 1.445619061509460 8.780605149222300E-12    10.19444188
0.920000000000001 1.445076862519100 1.022639535986500E-11    10.22586144
0.940000000000000 1.444537758566730 1.189878751084450E-11    10.25754160
0.960000000000001 1.444000901714850 1.383212988592670E-11    10.28948819
0.980000000000001 1.443465534683800 1.606587085589700E-11    10.32170712
1.000000000000000 1.442930979820610 1.864521037564510E-11    10.35420441
1.020000000000000 1.442396629605810 2.162212076051160E-11    10.38698622
1.040000000000000 1.441861938457180 2.505606833125290E-11    10.42005884
1.060000000000000 1.441326415631750 2.901561629853330E-11    10.45342865
1.080000000000000 1.440789619060660 3.357897293554400E-11    10.48710223
1.100000000000000 1.440251149979120 3.883604549059780E-11    10.52108629
1.120000000000000 1.439710648236540 4.488995286600070E-11    10.55538768
1.140000000000000 1.439167788189820 5.185896156945090E-11    10.59001346
1.160000000000000 1.438622275098500 5.987810247631840E-11    10.62497083
1.180000000000000 1.438073841952920 6.910283456562640E-11    10.66026718
1.200000000000000 1.437522246676820 7.971062698786110E-11    10.69591012
1.220000000000000 1.436967269655010 9.190470606768030E-11    10.73190742
1.240000000000000 1.436408711543470 1.059181665985510E-10    10.76826708
1.260000000000000 1.435846391325880 1.220170631199840E-10    10.80499731
1.280000000000000 1.435280144585320 1.405064953274860E-10    10.84210656
1.300000000000000 1.434709821964510 1.617345146698310E-10    10.87960348
1.320000000000000 1.434135287791590 1.861002324465840E-10    10.91749700
1.340000000000000 1.433556418851430 2.140581045750880E-10    10.95579627
1.360000000000000 1.432973103285220 2.461286729982250E-10    10.99451071
1.380000000000000 1.432385239603450 2.829060328016220E-10    11.03365003
1.400000000000000 1.431792735799150 3.250679725397280E-10    11.07322418
1.420000000000000 1.431195508550070 3.733882092404880E-10    11.11324342
1.440000000000000 1.430593482499800 4.287485921850020E-10    11.15371831
1.460000000000000 1.429986589609190 4.921556495673940E-10    11.19465972
1.480000000000000 1.429374768570390 5.647553535936820E-10    11.23607882
1.500000000000000 1.428757964276810 6.478532710296750E-10    11.27798713
1.520000000000000 1.428136127343070 7.429357129495880E-10    11.32039649
1.540000000000000 1.427509213669710 8.516942706648930E-10    11.36331912
1.560000000000000 1.426877184048070 9.760522390322990E-10    11.40676758
1.580000000000000 1.426240003801250 1.118196146787650E-09    11.45075481
1.600000000000000 1.425597642457420 1.280610867349100E-09    11.49529413
1.620000000000000 1.424950073452480 1.466117033332990E-09    11.54039928
1.640000000000000 1.424297273858960 1.677916416920060E-09    11.58608439
1.660000000000000 1.423639224138750 1.919640453540430E-09    11.63236403
1.680000000000000 1.422975907917300 2.195405982008400E-09    11.67925320
1.700000000000000 1.422307311777320 2.509876820266930E-09    11.72676737
1.720000000000000 1.421633425070100 2.868336929084950E-09    11.77492244
1.740000000000000 1.420954239742810 3.276754700909380E-09    11.82373484
1.760000000000000 1.420269750180320 3.741895182596270E-09    11.87322146
1.780000000000000 1.419579953060240 4.271394182797650E-09    11.92339971
1.800000000000000 1.418884847219910 4.873878134414870E-09    11.97428756
1.820000000000000 1.418184433534400 5.559084470530000E-09    12.02590348
1.840000000000000 1.417478714804370 6.337996127925290E-09    12.07826653
1.860000000000000 1.416767695653110 7.222994147237930E-09    12.13139635
1.880000000000000 1.416051382431690 8.228023262724090E-09    12.18531317
1.900000000000000 1.415329783132030 9.368789410935110E-09    12.24003785
1.920000000000000 1.414602907306240 1.066295418628020E-08    12.29559187
1.940000000000000 1.413870765993060 1.213035483171870E-08    12.35199739
1.960000000000000 1.413133371649420 1.379331349138370E-08    12.40927722
1.980000000000000 1.412390738087640 1.567685969927620E-08    12.46745490
2.000000000000000 1.411642880417190 1.780909064663660E-08    12.52655467
