0.200000000000000 1.549815346763250 2.819966482547900E-14      4.13820751
0.220000000000000 1.527608859756860 4.202194148206220E-14      4.15767873
0.240000000000000 1.512317796763570 6.100675520315240E-14      4.17671470
0.260000000000000 1.501199355663690 8.665290707199350E-14      4.19550477
0.280000000000000 1.492782645137220 1.209587985329110E-13      4.21416425
0.300000000000000 1.486207056625880 1.664779425425420E-13      4.23276915
0.320000000000000 1.480935862739540 2.263467191454540E-13      4.25137269
0.340000000000000 1.476617520196310 3.046451979571430E-13      4.27001403
0.360000000000000 1.473012638093140 4.062310383912140E-13      4.28872318
0.380000000000000 1.469952938057350 5.374589662210380E-13      4.30752399
0.400000000000000 1.467316957874050 7.063238882665250E-13      4.32643601
0.420000000000000 1.465015038447700 9.220116941726970E-13      4.34547576
0.440000000000000 1.462979708510360 1.196931442848380E-12      4.36465752
0.460000000000000 1.461159335679520 1.546429651000380E-12      4.38399398
0.480000000000000 1.459513822557820 1.988520459406120E-12      4.40349661
0.500000000000000 1.458011621449510 2.546198928782270E-12      4.42317600
0.520000000000000 1.456627621436530 3.247957458540900E-12      4.44304207
0.540000000000000 1.455341625810830 4.128586361673570E-12      4.46310430
0.560000000000000 1.454137237152730 5.231481914336200E-12      4.48337178
0.580000000000000 1.453001029017980 6.609327234813330E-12      4.50385342
0.600000000000000 1.451921922438470 8.327560863108370E-12      4.52455796
0.620000000000000 1.450890710959140 1.046639858115480E-11      4.54549410
0.640000000000000 1.449899694853820 1.312445416018150E-11      4.56667052
0.660000000000000 1.448942396584260 1.642282143610170E-11      4.58809598
0.680000000000000 1.448013337401510 2.051001035674460E-11      4.60977930
0.700000000000000 1.447107860444430 2.556826972366370E-11      4.63172947
0.720000000000000 1.446221989541090 3.182077518149030E-11      4.65395564
0.740000000000000 1.445352315671510 3.954103711123480E-11      4.67646719
0.760000000000000 1.444495905041260 4.906394734938150E-11      4.69927372
0.780000000000000 1.443650224170800 6.079814429682530E-11      4.72238511
0.800000000000000 1.442813078481170 7.524514344936510E-11      4.74581153
0.820000000000001 1.441982561657600 9.301504011460790E-11      4.76956350
0.840000000000001 1.441157013676300 1.148540151874050E-10      4.79365185
0.860000000000001 1.440334985836590 1.416710290746970E-10      4.81808783
0.880000000000001 1.439515211490750 1.745737998604110E-10      4.84288306
0.900000000000001 1.438696581432850 2.149109779026050E-10      4.86804961
0.920000000000001 1.437878123117030 2.643221197473620E-10      4.89359998
0.940000000000000 1.437058983038660 3.247981883447440E-10      4.91954716
0.960000000000001 1.436238411739980 3.987569163754760E-10      4.94590466
0.980000000000001 1.435415751002850 4.891262950224020E-10      4.97268648
1.000000000000000 1.434590422872090 5.994540419607120E-10      4.99990722
1.020000000000000 1.433761920216760 7.340286711787770E-10      5.02758202
1.040000000000000 1.432929798588690 8.980303722871950E-10      5.05572666
1.060000000000000 1.432093669178980 1.097707480468560E-09      5.08435754
1.080000000000000 1.431253192707120 1.340587169051940E-09      5.11349173
1.100000000000000 1.430408074104880 1.635724607845780E-09      5.14314701
1.120000000000000 1.429558057879560 1.993997729952960E-09      5.17334185
1.140000000000000 1.428702924059730 2.428455735115080E-09      5.20409552
1.160000000000000 1.427842484641750 2.954729461102090E-09      5.23542803
1.180000000000000 1.426976580468060 3.591513419998190E-09      5.26736025
1.200000000000000 1.426105078478670 4.361131900054720E-09      5.29991386
1.220000000000000 1.425227869285940 5.290202331753590E-09      5.33311147
1.240000000000000 1.424344865030200 6.410410480217620E-09      5.36697659
1.260000000000000 1.423455997479700 7.759406839280560E-09      5.40153370
1.280000000000000 1.422561216343650 9.381886600934310E-09      5.43680825
1.300000000000000 1.421660487771460 1.133074944981160E-08      5.47282676
1.320000000000000 1.420753793014920 1.366858382034760E-08      5.50961680
1.340000000000000 1.419841127233280 1.646925493203890E-08      5.54720709
1.360000000000000 1.418922498423710 1.981980424226040E-08      5.58562747
1.380000000000000 1.417997926462020 2.382262631606130E-08      5.62490903
1.400000000000000 1.417067442240470 2.859790382281350E-08      5.66508409
1.420000000000000 1.416131086891010 3.428656558668310E-08      5.70618628
1.440000000000000 1.415188911083950 4.105343187632300E-08      5.74825059
1.460000000000000 1.414240974393130 4.909095729921380E-08      5.79131341
1.480000000000000 1.413287344719760 5.862356333707910E-08      5.83541261
1.500000000000000 1.412328097768030 6.991216483509530E-08      5.88058756
1.520000000000000 1.411363316566520 8.325980849210880E-08      5.92687921
1.540000000000000 1.410393091029930 9.901781250487570E-08      5.97433017
1.560000000000000 1.409417517556100 1.175923362017880E-07      6.02298474
1.580000000000000 1.408436698654670 1.394524086206770E-07      6.07288901
1.600000000000000 1.407450742602890 1.651384241574410E-07      6.12409091
1.620000000000000 1.406459763125631 1.952717892383937E-07      6.17664025
1.640000000000000 1.405463879096300 2.305656536805150E-07      6.23058890
1.660000000000000 1.404463214256110 2.718368280474340E-07      6.28599074
1.680000000000000 1.403457896948970 3.200189609975370E-07      6.34290182
1.700000000000000 1.402448059870070 3.761770847598990E-07      6.40138041
1.720000000000000 1.401433839825830 4.415236211112100E-07      6.46148712
1.740000000000000 1.400415377503540 5.174359347659420E-07      6.52328495
1.760000000000000 1.399392817248990 6.054755234685680E-07      6.58683939
1.780000000000000 1.398366306850430 7.074089266034810E-07      6.65221855
1.800000000000000 1.397335997327660 8.252304429939850E-07      6.71949317
1.820000000000000 1.396302042724680 9.611866963743500E-07      6.78873682
1.840000000000000 1.395264599904960 1.117803144282120E-06      6.86002592
1.860000000000000 1.394223828348050 1.297912543108280E-06      6.93343987
1.880000000000000 1.393179889946610 1.504685398320830E-06      7.00906116
1.900000000000000 1.392132948802870 1.741662452592330E-06      7.08697544
1.920000000000000 1.391083171023640 2.012789284508430E-06      7.16727162
1.940000000000000 1.390030724513380 2.322451851999308E-06      7.25004203
1.960000000000000 1.388975778763740 2.675516473205075E-06      7.33538244
1.980000000000000 1.387918504640450 3.077368248755040E-06      7.42339216
2.000000000000000 1.386859074165050 3.533953416318130E-06      7.51417420
