0.200000000000000 1.550123781603980 1.065814103640150E-14      7.47556427
0.220000000000000 1.527985330711630 1.509903313490210E-14      7.50135791
0.240000000000000 1.512767849641300 2.091382622637640E-14      7.52650442
0.260000000000000 1.501728561539990 2.835925938526880E-14      7.55125575
0.280000000000000 1.493396547953750 3.780309398848660E-14      7.57576424
0.300000000000000 1.486911148262910 4.984901380566950E-14      7.60012941
0.320000000000000 1.481735570059950 6.483702463810910E-14      7.62442010
0.340000000000000 1.477518197890680 8.358591596646650E-14      7.64868616
0.360000000000000 1.474019564568820 1.068100686021920E-13      7.67296511
0.380000000000000 1.471071313025510 1.354472090042690E-13      7.69728607
0.400000000000000 1.468551900930180 1.706412788848870E-13      7.72167227
0.420000000000000 1.466371588255100 2.137179322403430E-13      7.74614276
0.440000000000000 1.464462822359640 2.662052436125380E-13      7.77071346
0.460000000000000 1.462773889286850 3.300137940698280E-13      7.79539798
0.480000000000000 1.461264610015690 4.071742942812760E-13      7.82020817
0.500000000000000 1.459903355274350 5.004330283497890E-13      7.84515453
0.520000000000000 1.458664932675880 6.127286178436720E-13      7.87024652
0.540000000000000 1.457529064184760 7.478462293875050E-13      7.89549275
0.560000000000000 1.456479271211490 9.097167463778530E-13      7.92090123
0.580000000000000 1.455502046302950 1.103214362311450E-12      7.94647942
0.600000000000000 1.454586229636980 1.334377053296980E-12      7.97223443
0.620000000000000 1.453722534045720 1.609823385706480E-12      7.99817302
0.640000000000000 1.452903179212430 1.937783267180750E-12      8.02430174
0.660000000000000 1.452121607106850 2.327249070538380E-12      8.05062694
0.680000000000000 1.451372258559370 2.789129279097410E-12      8.07715485
0.700000000000000 1.450650396329190 3.336386722452290E-12      8.10389160
0.720000000000000 1.449951963872850 3.983750829217310E-12      8.13084326
0.740000000000000 1.449273471771780 4.748645920926720E-12      8.15801587
0.760000000000000 1.448611905768800 5.651645818005590E-12      8.18541548
0.780000000000000 1.447964651818600 6.716086833804400E-12      8.21304814
0.800000000000000 1.447329434632950 7.969624959969220E-12      8.24091995
0.820000000000001 1.446704267002450 9.444915335943270E-12      8.26903706
0.840000000000001 1.446087407780190 1.117939074646300E-11      8.29740570
0.860000000000001 1.445477326869550 1.321689952578020E-11      8.32603217
0.880000000000001 1.444872675908740 1.560863504418420E-11      8.35492290
0.900000000000001 1.444272263613330 1.841416602532680E-11      8.38408442
0.920000000000001 1.443675034947550 2.170288948555310E-11      8.41352337
0.940000000000000 1.443080053457690 2.555555767003170E-11      8.44324656
0.960000000000001 1.442486486229510 3.006622728563000E-11      8.47326093
0.980000000000001 1.441893591032390 3.534439407815170E-11      8.50357360
1.000000000000000 1.441300705293700 4.151706756161390E-11      8.53419185
1.020000000000000 1.440707236611190 4.873257353210650E-11      8.56512314
1.040000000000000 1.440112654562470 5.716282959131180E-11      8.59637513
1.060000000000000 1.439516483612880 6.700782984037090E-11      8.62795569
1.080000000000000 1.438918296956200 7.849998429065860E-11      8.65987290
1.100000000000000 1.438317711150850 9.190881389287140E-11      8.69213506
1.120000000000000 1.437714381436020 1.075479705292540E-10      8.72475072
1.140000000000000 1.437107997631360 1.257804971288580E-10      8.75772866
1.160000000000000 1.436498280538410 1.470281674187390E-10      8.79107793
1.180000000000000 1.435884978775240 1.717795905520350E-10      8.82480785
1.200000000000000 1.435267865985610 2.006010912936060E-10      8.85892801
1.220000000000000 1.434646738373180 2.341489224733100E-10      8.89344831
1.240000000000000 1.434021412518310 2.731825876622910E-10      8.92837892
1.260000000000000 1.433391723441270 3.185810504291450E-10      8.96373036
1.280000000000000 1.432757522880740 3.713611640421280E-10      8.99951344
1.300000000000000 1.432118677760800 4.326975444612910E-10      9.03573935
1.320000000000000 1.431475068823500 5.039485495572650E-10      9.07241960
1.340000000000000 1.430826589407090 5.866803154397360E-10      9.10956608
1.360000000000000 1.430173144352210 6.827025056388440E-10      9.14719105
1.380000000000000 1.429514649021900 7.941007296174970E-10      9.18530716
1.400000000000000 1.428851028421440 9.232781622570130E-10      9.22392746
1.420000000000000 1.428182216407310 1.073003241813810E-09      9.26306544
1.440000000000000 1.427508154974950 1.246462100201740E-09      9.30273500
1.460000000000000 1.426828793616820 1.447318376257560E-09      9.34295049
1.480000000000000 1.426144088742850 1.679783562247290E-09      9.38372674
1.500000000000000 1.425454003156900 1.948693800074560E-09      9.42507904
1.520000000000000 1.424758505582900 2.259599417298030E-09      9.46702320
1.540000000000000 1.424057570235780 2.618864819448060E-09      9.50957551
1.560000000000000 1.423351176432330 3.033783085859550E-09      9.55275280
1.580000000000000 1.422639308237980 3.512704321861900E-09      9.59657247
1.600000000000000 1.421921954145830 4.065178194068150E-09      9.64105246
1.620000000000000 1.421199106784770 4.702134848155740E-09      9.68621130
1.640000000000000 1.420470762653610 5.436037009420860E-09      9.73206812
1.660000000000000 1.419736921878870 6.281123121620880E-09      9.77864267
1.680000000000000 1.418997587993870 7.253622091862870E-09      9.82595536
1.700000000000000 1.418252767736870 8.372027071601450E-09      9.87402725
1.720000000000000 1.417502470866760 9.657385224848270E-09      9.92288009
1.740000000000000 1.416746709994350 1.113363545801600E-08      9.97253634
1.760000000000000 1.415985500427900 1.282797790214120E-08    10.02301919
1.780000000000000 1.415218860031600 1.477128896976150E-08    10.07435258
1.800000000000000 1.414446809095580 1.699860407988750E-08    10.12656125
1.820000000000000 1.413669370216750 1.954957862260190E-08    10.17967072
1.840000000000000 1.412886568188890 2.246916441794870E-08    10.23370737
1.860000000000000 1.412098429901830 2.580817726194340E-08    10.28869843
1.880000000000000 1.411304984248260 2.962403278239380E-08    10.34467202
1.900000000000000 1.410506262037790 3.398155246081560E-08    10.40165718
1.920000000000000 1.409702295917510 3.895384048657750E-08    10.45968390
1.940000000000000 1.408893120298410 4.462326286258640E-08    10.51878315
1.960000000000000 1.408078771287110 5.108252953967000E-08    10.57898691
1.980000000000000 1.407259286622430 5.843588990472880E-08    10.64032825
2.000000000000000 1.406434705616300 6.680045239182420E-08    10.70284126
