0.200000000000000 1.550174098411710 8.548717289613710E-15      8.60917419
0.220000000000000 1.528046810416480 1.210143096841420E-14      8.63678014
0.240000000000000 1.512841419699640 1.654232306691480E-14      8.66367967
0.260000000000000 1.501815156103110 2.226040532460340E-14      8.69014272
0.280000000000000 1.493497099302030 2.925437669887290E-14      8.71633237
0.300000000000000 1.487026582715640 3.824718319833660E-14      8.74235492
0.320000000000000 1.481866805836520 4.940492459581950E-14      8.76828381
0.340000000000000 1.477666143918580 6.313634511034840E-14      8.79417208
0.360000000000000 1.474185119789100 7.999156892424250E-14      8.82005949
0.380000000000000 1.471255365976710 1.006120642528530E-13      8.84597683
0.400000000000000 1.468755329495770 1.256772463875680E-13      8.87194855
0.420000000000000 1.466595259511000 1.561251128379130E-13      8.89799458
0.440000000000000 1.464707592484850 1.929012505286210E-13      8.92413152
0.460000000000000 1.463040603514920 2.370881269087020E-13      8.95037344
0.480000000000000 1.461554102613040 2.901567874857850E-13      8.97673253
0.500000000000000 1.460216449536490 3.537725667968060E-13      9.00321949
0.520000000000000 1.459002440935610 4.296011983663240E-13      9.02984389
0.540000000000000 1.457891787828220 5.200562203100390E-13      9.05661441
0.560000000000000 1.456868000699330 6.274980535181380E-13      9.08353900
0.580000000000000 1.455917561194730 7.549516567451060E-13      9.11062505
0.600000000000000 1.455029298617130 9.059419880941280E-13      9.13787953
0.620000000000000 1.454193914950270 1.084354828151390E-12      9.16530901
0.640000000000000 1.453403619055480 1.294547802288550E-12      9.19291981
0.660000000000000 1.452651842106380 1.542099781204340E-12      9.22071803
0.680000000000000 1.451933014161700 1.833754936092500E-12      9.24870958
0.700000000000000 1.451242387231860 2.176035393541830E-12      9.27690025
0.720000000000000 1.450575894045500 2.577604796272230E-12      9.30529575
0.740000000000000 1.449930034474890 3.047895269503440E-12      9.33390170
0.760000000000000 1.449301783569840 3.598427111839440E-12      9.36272371
0.780000000000000 1.448688516605650 4.241884621336570E-12      9.39176736
0.800000000000000 1.448087947625400 4.993285299126350E-12      9.42103823
0.820000000000001 1.447498078758770 5.869860153495670E-12      9.45054193
0.840000000000001 1.446917158202510 6.891657383656380E-12      9.48028411
0.860000000000001 1.446343645205020 8.081659256739540E-12      9.51027047
0.880000000000001 1.445776180747400 9.466483152920090E-12      9.54050677
0.900000000000001 1.445213562882570 1.107683389456330E-11      9.57099885
0.920000000000001 1.444654725902850 1.294817031372020E-11      9.60175264
0.940000000000000 1.444098722669660 1.512131045378060E-11      9.63277417
0.960000000000001 1.443544709567070 1.764344659954680E-11      9.66406957
0.980000000000001 1.442991933641970 2.056886952428450E-11      9.69564511
1.000000000000000 1.442439721574500 2.396027820594780E-11      9.72750716
1.020000000000000 1.441887470186150 2.788994035718420E-11      9.75966226
1.040000000000000 1.441334638245160 3.244084167963730E-11      9.79211707
1.060000000000000 1.440780739369970 3.770894707599840E-11      9.82487841
1.080000000000000 1.440225335865610 4.380468210385400E-11      9.85795328
1.100000000000000 1.439668033355370 5.085498688828240E-11      9.89134885
1.120000000000000 1.439108476092440 5.900620270171690E-11      9.92507244
1.140000000000000 1.438546342854910 6.842661159911500E-11      9.95913160
1.160000000000000 1.437981343342610 7.930989198712270E-11      9.99353407
1.180000000000000 1.437413215006940 9.187839378199670E-11    10.02828777
1.200000000000000 1.436841720255270 1.063884536023350E-10    10.06340087
1.220000000000000 1.436266643980280 1.231338364604540E-10    10.09888176
1.240000000000000 1.435687791371950 1.424530771121370E-10    10.13473904
1.260000000000000 1.435104985975810 1.647338931931590E-10    10.17098157
1.280000000000000 1.434518067966500 1.904219004700280E-10    10.20761848
1.300000000000000 1.433926892609860 2.200282178677070E-10    10.24465913
1.320000000000000 1.433331328890560 2.541401533662220E-10    10.28211318
1.340000000000000 1.432731258285210 2.934296139400770E-10    10.31999056
1.360000000000000 1.432126573663960 3.386679825467810E-10    10.35830148
1.380000000000000 1.431517178305220 3.907383305801200E-10    10.39705648
1.400000000000000 1.430902985010890 4.506516271263200E-10    10.43626639
1.420000000000000 1.430283915310370 5.195659458223640E-10    10.47594237
1.440000000000000 1.429659898743550 5.988049500693650E-10    10.51609594
1.460000000000000 1.429030872214190 6.898829840729090E-10    10.55673892
1.480000000000000 1.428396779405740 7.945299418388170E-10    10.59788353
1.500000000000000 1.427757570253180 9.147222423955270E-10    10.63954235
1.520000000000000 1.427113200464810 1.052715803417920E-09    10.68172833
1.540000000000000 1.426463631088800 1.211084288410550E-09    10.72445484
1.560000000000000 1.425808828119830 1.392762571938990E-09    10.76773562
1.580000000000000 1.425148762141800 1.601094673509000E-09    10.81158487
1.600000000000000 1.424483408002960 1.839889351984430E-09    10.85601722
1.620000000000000 1.423812744520180 2.113481206017510E-09    10.90104774
1.640000000000000 1.423136754209530 2.426800968513550E-09    10.94669195
1.660000000000000 1.422455423040640 2.785453312448280E-09    10.99296591
1.680000000000000 1.421768740212500 3.195804593181250E-09    11.03988609
1.700000000000000 1.421076697948640 3.665082043413650E-09    11.08746954
1.720000000000000 1.420379291309890 4.201484438137730E-09    11.13573380
1.740000000000000 1.419676518023220 4.814307064116010E-09    11.18469698
1.760000000000000 1.418968378324710 5.514078305068890E-09    11.23437773
1.780000000000000 1.418254874816030 6.312716571699180E-09    11.28479530
1.800000000000000 1.417536012332610 7.223711240289530E-09    11.33596951
1.820000000000000 1.416811797822720 8.262298956118740E-09    11.38792082
1.840000000000000 1.416082240236470 9.445699222787600E-09    11.44067033
1.860000000000000 1.415347350423760 1.079334621678640E-08    11.49423980
1.880000000000000 1.414607141040450 1.232715721166680E-08    11.54865163
1.900000000000000 1.413861626461980 1.407183602974980E-08    11.60392896
1.920000000000000 1.413110822703840 1.605520172365260E-08    11.66009564
1.940000000000000 1.412354747348240 1.830855644868730E-08    11.71717628
1.960000000000000 1.411593419476460 2.086709027793180E-08    11.77519623
1.980000000000000 1.410826859606210 2.377035657197270E-08    11.83418166
2.000000000000000 1.410055089634130 2.706274626618210E-08    11.89415956
