0.200000000000000 1.549656375454850 4.078925104579120E-14      3.36474961
0.220000000000000 1.527415047278160 6.217248937900880E-14      3.38242165
0.240000000000000 1.512086364839260 9.204654927806870E-14      3.39972089
0.260000000000000 1.500927521974490 1.333377852574810E-13      3.41681892
0.280000000000000 1.492467650256990 1.896874855539940E-13      3.43382063
0.300000000000000 1.485846176778430 2.660094367001880E-13      3.45079549
0.320000000000000 1.480526416382440 3.683719995706270E-13      3.46779248
0.340000000000000 1.476156871618320 5.049330569005350E-13      3.48484795
0.360000000000000 1.472498199448880 6.855627177060340E-13      3.50199002
0.380000000000000 1.469382170534550 9.233724895807430E-13      3.51924135
0.400000000000000 1.466687372357370 1.235234137197950E-12      3.53662078
0.420000000000000 1.464324195881190 1.641488160675220E-12      3.55414445
0.440000000000000 1.462225220076270 2.169209256663860E-12      3.57182660
0.460000000000000 1.460338862864970 2.851884960825000E-12      3.58968006
0.480000000000000 1.458625077154460 3.732125719579930E-12      3.60771667
0.500000000000000 1.457052365515690 4.863831559731580E-12      3.62594756
0.520000000000000 1.455595667241790 6.314393452555580E-12      3.64438334
0.540000000000000 1.454234835776590 8.169326326523670E-12      3.66303430
0.560000000000000 1.452953523799140 1.053582221466340E-11      3.68191052
0.580000000000000 1.451738354924090 1.354879403114850E-11      3.70102199
0.600000000000000 1.450578300221490 1.737755772612820E-11      3.72037870
0.620000000000000 1.449464203276820 2.223460304762170E-11      3.73999069
0.640000000000000 1.448388414433670 2.838632107149410E-11      3.75986815
0.660000000000000 1.447344506282250 3.616662535860930E-11      3.78002144
0.680000000000000 1.446327050292630 4.599312597441950E-11      3.80046118
0.700000000000000 1.445331439947110 5.838840522187640E-11      3.82119824
0.720000000000000 1.444353749577180 7.400552393121980E-11      3.84224386
0.740000000000000 1.443390620863230 9.365952458040280E-11      3.86360959
0.760000000000000 1.442439170946320 1.183666498150160E-10      3.88530743
0.780000000000000 1.441496917556870 1.493931645057950E-10      3.90734980
0.800000000000000 1.440561717640390 1.883150302361970E-10      3.92974958
0.820000000000001 1.439631716761860 2.370906804216590E-10      3.95252018
0.840000000000001 1.438705307173770 2.981512259303540E-10      3.97567555
0.860000000000001 1.437781092889800 3.745109222741410E-10      3.99923022
0.880000000000001 1.436857860456170 4.699015621056900E-10      4.02319930
0.900000000000001 1.435934554381950 5.889364551592280E-10      4.04759861
0.920000000000001 1.435010256398420 7.373106569730230E-10      4.07244459
0.940000000000000 1.434084167880690 9.220434971091150E-10      4.09775445
0.960000000000001 1.433155594892990 1.151772371921210E-09      4.12354612
0.980000000000001 1.432223935420050 1.437108432256200E-09      4.14983835
1.000000000000000 1.431288668427730 1.791065185052790E-09      4.17665071
1.020000000000000 1.430349344460080 2.229573130285710E-09      4.20400364
1.040000000000000 1.429405577531860 2.772099744197120E-09      4.23191850
1.060000000000000 1.428457038117070 3.442388707419750E-09      4.26041760
1.080000000000000 1.427503447067860 4.269345321716860E-09      4.28952424
1.100000000000000 1.426544570325750 5.288087578936280E-09      4.31926276
1.120000000000000 1.425580214309570 6.541199470966320E-09      4.34965860
1.140000000000000 1.424610221882930 8.080209390470830E-09      4.38073833
1.160000000000000 1.423634468819540 9.967343728156660E-09      4.41252967
1.180000000000000 1.422652860696920 1.227758006372430E-08      4.44506162
1.200000000000000 1.421665330159890 1.510111591329630E-08      4.47836442
1.220000000000000 1.420671834503730 1.854608233653470E-08      4.51246967
1.240000000000000 1.419672353534260 2.274203858565470E-08      4.54741037
1.260000000000000 1.418666887668390 2.784368813291140E-08      4.58322096
1.280000000000000 1.417655456243710 3.403548121116980E-08      4.61993739
1.300000000000000 1.416638096009580 4.153667054751510E-08      4.65759719
1.320000000000000 1.415614859777170 5.060744967533280E-08      4.69623956
1.340000000000000 1.414585815207470 6.155578957667270E-08      4.73590536
1.360000000000000 1.413551043720020 7.474537633278540E-08      4.77663729
1.380000000000000 1.412510639506990 9.060469563504370E-08      4.81847988
1.400000000000000 1.411464708639060 1.096373319908750E-07      4.86147958
1.420000000000000 1.410413368251770 1.324337409736030E-07      4.90568492
1.440000000000000 1.409356745801900 1.596846709306380E-07      4.95114647
1.460000000000000 1.408294978383960 1.921960644524210E-07      4.99791702
1.480000000000000 1.407228212101250 2.309055108229430E-07      5.04605167
1.500000000000000 1.406156601480520 2.769025725379850E-07      5.09560784
1.520000000000000 1.405080308928430 3.314484840477580E-07      5.14664550
1.540000000000000 1.403999504220480 3.960004843484020E-07      5.19922713
1.560000000000000 1.402914364019600 4.722378469934620E-07      5.25341794
1.580000000000000 1.401825071418930 5.620907023995430E-07      5.30928593
1.600000000000000 1.400731815505380 6.677718791814330E-07      5.36690198
1.620000000000000 1.399634790939890 7.918116935734520E-07      5.42634002
1.640000000000000 1.398534197551290 9.370959469789940E-07      5.48767707
1.660000000000000 1.397430239940930 1.106907188075380E-06      5.55099345
1.680000000000000 1.396323127095230 1.304969329533460E-06      5.61637279
1.700000000000000 1.395213072003810 1.535495635036910E-06      5.68390224
1.720000000000000 1.394100291280970 1.803240242528870E-06      5.75367256
1.740000000000000 1.392985004788580 2.113552678109643E-06      5.82577820
1.760000000000000 1.391867435258660 2.472436041872639E-06      5.90031745
1.780000000000000 1.390747807913790 2.886608045149508E-06      5.97739254
1.800000000000000 1.389626350084360 3.363564839153900E-06      6.05710975
1.820000000000000 1.388503290821060 3.911647495996590E-06      6.13957950
1.840000000000000 1.387378860501760 4.540110561834790E-06      6.22491643
1.860000000000000 1.386253290431900 5.259192287943030E-06      6.31323953
1.880000000000000 1.385126812437720 6.080185949941530E-06      6.40467212
1.900000000000000 1.383999658451820 7.015511616526030E-06      6.49934200
1.920000000000000 1.382872060090830 8.078787613996500E-06      6.59738142
1.940000000000000 1.381744248225220 9.284900859884980E-06      6.69892714
1.960000000000000 1.380616452541230 1.065007517048190E-05      6.80412043
1.980000000000000 1.379488901095550 1.219193653267950E-05      6.91310701
2.000000000000000 1.378361819863310 1.392957432672090E-05      7.02603705
