0.200000000000000 1.550215085628850 7.049916206369740E-15      9.82279272
0.220000000000000 1.528096906146080 9.769962616701380E-15      9.85220940
0.240000000000000 1.512901384944270 1.343369859796440E-14      9.88086063
0.260000000000000 1.501885757948250 1.776356839400250E-14      9.90903436
0.280000000000000 1.493579103935160 2.337062834922850E-14      9.93690436
0.300000000000000 1.487120752089210 3.018486504956310E-14      9.96458377
0.320000000000000 1.481973895920240 3.858025010572420E-14      9.99215059
0.340000000000000 1.477786903722800 4.898859096158500E-14    10.01966106
0.360000000000000 1.474320290793610 6.162778620755200E-14    10.04715723
0.380000000000000 1.471405681786500 7.693845560652330E-14    10.07467156
0.400000000000000 1.468921515630330 9.540437016786200E-14    10.10222976
0.420000000000000 1.466778033275350 1.176530728852660E-13    10.12985267
0.440000000000000 1.464907662892240 1.442457264744240E-13    10.15755759
0.460000000000000 1.463258671243110 1.760813717055500E-13    10.18535913
0.480000000000000 1.461790859982780 2.139954879964990E-13    10.21326983
0.500000000000000 1.460472580504840 2.590705427962800E-13    10.24130067
0.520000000000000 1.459278621099340 3.123525286211290E-13    10.26946142
0.540000000000000 1.458188684434010 3.754635491404200E-13    10.29776082
0.560000000000000 1.457186272658470 4.497513472756510E-13    10.32620690
0.580000000000000 1.456257859100730 5.374589662210380E-13    10.35480702
0.600000000000000 1.455392264765130 6.402656183013280E-13    10.38356807
0.620000000000000 1.454580183357330 7.610177679001630E-13    10.41249654
0.640000000000000 1.453813815481250 9.023915715686800E-13    10.44159860
0.660000000000000 1.453086584073490 1.067479438177090E-12    10.47088016
0.680000000000000 1.452392910975650 1.260491711008170E-12    10.50034694
0.700000000000000 1.451728040000040 1.485424630520700E-12    10.53000449
0.720000000000000 1.451087895695140 1.747380018457530E-12    10.55985824
0.740000000000000 1.450468969769650 2.051692149507290E-12    10.58991353
0.760000000000000 1.449868229125020 2.405492471879710E-12    10.62017563
0.780000000000000 1.449283040901720 2.815855187909830E-12    10.65064977
0.800000000000000 1.448711111019860 3.291672490135510E-12    10.68134118
0.820000000000001 1.448150433496150 3.842370865925200E-12    10.71225505
0.840000000000001 1.447599248422350 4.479844446791950E-12    10.74339659
0.860000000000001 1.447056006947940 5.216568567763990E-12    10.77477106
0.880000000000001 1.446519341958920 6.067479851878940E-12    10.80638372
0.900000000000001 1.445988043414790 7.049638650613590E-12    10.83823991
0.920000000000001 1.445461037513810 8.182377843855840E-12    10.87034500
0.940000000000000 1.444937369020340 9.487882701719740E-12    10.90270447
0.960000000000001 1.444416186215960 1.099159652184770E-11    10.93532383
0.980000000000001 1.443896728037140 1.272258730658500E-11    10.96820871
1.000000000000000 1.443378313043070 1.471407631153940E-11    11.00136484
1.020000000000000 1.442860329921160 1.700405094506860E-11    11.03479802
1.040000000000000 1.442342229289720 1.963590227915810E-11    11.06851421
1.060000000000000 1.441823516598640 2.265926335454080E-11    11.10251944
1.080000000000000 1.441303745962980 2.613089432335070E-11    11.13681990
1.100000000000000 1.440782514791720 3.011557669907460E-11    11.17142190
1.120000000000000 1.440259459096500 3.468714204757360E-11    11.20633191
1.140000000000000 1.439734249383630 3.993017028136590E-11    11.24155652
1.160000000000000 1.439206587047830 4.594102875898900E-11    11.27710250
1.180000000000000 1.438676201198970 5.282985160448560E-11    11.31297678
1.200000000000000 1.438142845863390 6.072231606424340E-11    11.34918644
1.220000000000000 1.437606297509980 6.976152988613650E-11    11.38573876
1.240000000000000 1.437066352858910 8.011113994399470E-11    11.42264119
1.260000000000000 1.436522826936670 9.195749717250120E-11    11.45990141
1.280000000000000 1.435975551346240 1.055130982585690E-10    11.49752723
1.300000000000000 1.435424372725870 1.210203048884750E-10    11.53552674
1.320000000000000 1.434869151373290 1.387545633946270E-10    11.57390821
1.340000000000000 1.434309760015450 1.590306775156590E-10    11.61268013
1.360000000000000 1.433746082706620 1.822068051993140E-10    11.65185123
1.380000000000000 1.433178013839750 2.086899542064200E-10    11.69143049
1.400000000000000 1.432605457258170 2.389440867389680E-10    11.73142712
1.420000000000000 1.432028325456090 2.734961701555960E-10    11.77185061
1.440000000000000 1.431446538858260 3.129466685791730E-10    11.81271068
1.460000000000000 1.430860025169710 3.579767593464570E-10    11.85401736
1.480000000000000 1.430268718788210 4.093620442624510E-10    11.89578095
1.500000000000000 1.429672560272670 4.679818754738110E-10    11.93801205
1.520000000000000 1.429071495861450 5.348355092138490E-10    11.98072155
1.540000000000000 1.428465477035550 6.110573123885300E-10    12.02392067
1.560000000000000 1.427854460121870 6.979328781575590E-10    12.06762094
1.580000000000000 1.427238405932620 7.969223614345820E-10    12.11183423
1.600000000000000 1.426617279437160 9.096774444827820E-10    12.15657276
1.620000000000000 1.425991049463030 1.038071906211970E-09    12.20184910
1.640000000000000 1.425359688423430 1.184226106065720E-09    12.24767618
1.660000000000000 1.424723172068420 1.350540665412400E-09    12.29406732
1.680000000000000 1.424081479257740 1.539730384858550E-09    12.34103623
1.700000000000000 1.423434591753010 1.754865135150660E-09    12.38859703
1.720000000000000 1.422782494027720 1.999413622513770E-09    12.43676423
1.740000000000000 1.422125173093170 2.277294283703490E-09    12.48555280
1.760000000000000 1.421462618338960 2.592929190803340E-09    12.53497814
1.780000000000000 1.420794821386770 2.951307920273650E-09    12.58505609
1.800000000000000 1.420121775956160 3.358056471672140E-09    12.63580301
1.820000000000000 1.419443477741340 3.819514815539550E-09    12.68723568
1.840000000000000 1.418759924297960 4.342823045622170E-09    12.73937141
1.860000000000000 1.418071114938980 4.936017650170040E-09    12.79222806
1.880000000000000 1.417377050639020 5.608141728785650E-09    12.84582395
1.900000000000000 1.416677733946080 6.369355654012310E-09    12.90017802
1.920000000000000 1.415973168900540 7.231085452641390E-09    12.95530973
1.940000000000000 1.415263360960250 8.206148205403000E-09    13.01123914
1.960000000000000 1.414548316931660 9.308934956209210E-09    13.06798691
1.980000000000000 1.413828044906200 1.055558129792190E-08    13.12557431
2.000000000000000 1.413102554201550 1.196416299364950E-08    13.18402328
