0.200000000000000 1.550094213783330 1.199040866595170E-14      6.93879064
0.220000000000000 1.527949212401990 1.720845688168990E-14      6.96368147
0.240000000000000 1.512724639125930 2.374470520379040E-14      6.98795508
0.260000000000000 1.501677713542190 3.236300116782330E-14      7.01185445
0.280000000000000 1.493337518668120 4.343313902976930E-14      7.03552665
0.300000000000000 1.486843397755750 5.745404152435190E-14      7.05906781
0.320000000000000 1.481658563522590 7.516207166206880E-14      7.08254451
0.340000000000000 1.477431406336550 9.731115652861220E-14      7.10600506
0.360000000000000 1.473922465238150 1.249278458459460E-13      7.12948583
0.380000000000000 1.470963389626710 1.592057919958670E-13      7.15301516
0.400000000000000 1.468432643785160 2.015046116077280E-13      7.17661569
0.420000000000000 1.466240494386010 2.535194276731550E-13      7.20030602
0.440000000000000 1.464319395538710 3.172267000950070E-13      7.22410179
0.460000000000000 1.462617640062450 3.950728633128620E-13      7.24801637
0.480000000000000 1.461095055722820 4.897193761621560E-13      7.27206149
0.500000000000000 1.459720020034760 6.045923988231070E-13      7.29624755
0.520000000000000 1.458467347391520 7.437384041963920E-13      7.32058396
0.540000000000000 1.457316766526710 9.117151478221790E-13      7.34507938
0.560000000000000 1.456251805606160 1.113775738303960E-12      7.36974182
0.580000000000000 1.455258963916760 1.356914580696870E-12      7.39457884
0.600000000000000 1.454327088360230 1.648459146963430E-12      7.41959764
0.620000000000000 1.453446898476430 1.997957355115430E-12      7.44480512
0.640000000000000 1.452610620640560 2.415512234676950E-12      7.47020797
0.660000000000000 1.451811703499280 2.913974617158030E-12      7.49581271
0.680000000000000 1.451044594545920 3.508027202059340E-12      7.52162578
0.700000000000000 1.450304563190020 4.215128246443100E-12      7.54765352
0.720000000000000 1.449587559527270 5.055733609538040E-12      7.57390223
0.740000000000000 1.448890100768870 6.053602064071130E-12      7.60037823
0.760000000000000 1.448209179279690 7.237044297170310E-12      7.62708781
0.780000000000000 1.447542187630850 8.638908707316040E-12      7.65403735
0.800000000000000 1.446886857146930 1.029804019836430E-11      7.68123326
0.820000000000001 1.446241207229910 1.225987350918570E-11      7.70868203
0.840000000000001 1.445603503345100 1.457749909282090E-11      7.73639025
0.860000000000001 1.444972222011320 1.731342846866820E-11      7.76436461
0.880000000000001 1.444346021487840 2.054059006217910E-11      7.79261194
0.900000000000001 1.443723717119520 2.434457843647490E-11      7.82113921
0.920000000000001 1.443104260510610 2.882555305561140E-11      7.84995352
0.940000000000000 1.442486721860910 3.410067020426230E-11      7.87906216
0.960000000000001 1.441870274925890 4.030710487601400E-11      7.90847257
0.980000000000001 1.441254184163590 4.760503102829720E-11      7.93819241
1.000000000000000 1.440637793711990 5.618200349388760E-11      7.96822952
1.020000000000000 1.440020517904180 6.625708315333160E-11      7.99859196
1.040000000000000 1.439401833080960 7.808625968053210E-11      8.02928802
1.060000000000000 1.438781270501610 9.196776673547900E-11      8.06032620
1.080000000000000 1.438158410187830 1.082510470151730E-10      8.09171530
1.100000000000000 1.437532875562930 1.273424716369260E-10      8.12346432
1.120000000000000 1.436904328771250 1.497167390063220E-10      8.15558257
1.140000000000000 1.436272466580950 1.759265511047660E-10      8.18807963
1.160000000000000 1.435637016788760 2.066165016856300E-10      8.22096537
1.180000000000000 1.434997735057810 2.425366643632470E-10      8.25425001
1.200000000000000 1.434354402130110 2.845599311740440E-10      8.28794402
1.220000000000000 1.433706821364050 3.337016774018760E-10      8.32205826
1.240000000000000 1.433054816554460 3.911424517610840E-10      8.35660392
1.260000000000000 1.432398229999150 4.582531021313230E-10      8.39159255
1.280000000000000 1.431736920780640 5.366257993522080E-10      8.42703606
1.300000000000000 1.431070763236500 6.281073439140530E-10      8.46294678
1.320000000000000 1.430399645595120 7.348390784756020E-10      8.49933741
1.340000000000000 1.429723468757030 8.593024625191960E-10      8.53622108
1.360000000000000 1.429042145204550 1.004370003832020E-09      8.57361136
1.380000000000000 1.428355598024620 1.173365349327330E-09      8.61152225
1.400000000000000 1.427663760031870 1.370131452738120E-09      8.64996823
1.420000000000000 1.426966572980520 1.599107027350220E-09      8.68896427
1.440000000000000 1.426263986855100 1.865416463658900E-09      8.72852580
1.460000000000000 1.425555959231280 2.174969371271370E-09      8.76866879
1.480000000000000 1.424842454699150 2.534577367430120E-09      8.80940973
1.500000000000000 1.424123444342260 2.952082966967140E-09      8.85076567
1.520000000000000 1.423398905266330 3.436510347121220E-09      8.89275423
1.540000000000000 1.422668820172600 3.998231135060590E-09      8.93539359
1.560000000000000 1.421933176970950 4.649155893599040E-09      8.97870259
1.580000000000000 1.421191968428900 5.402961855693890E-09      9.02270064
1.600000000000000 1.420445191852600 6.275312547376900E-09      9.06740784
1.620000000000000 1.419692848796820 7.284158609621730E-09      9.11284494
1.640000000000000 1.418934944800810 8.450043331720280E-09      9.15903339
1.660000000000000 1.418171489147670 9.796443434240130E-09      9.20599537
1.680000000000000 1.417402494644680 1.135017857478720E-08      9.25375377
1.700000000000000 1.416627977422770 1.314184738809840E-08      9.30233227
1.720000000000000 1.415847956753070 1.520634129725810E-08      9.35175535
1.740000000000000 1.415062454879130 1.758334289281290E-08      9.40204825
1.760000000000000 1.414271496862900 2.031807733171580E-08      9.45323714
1.780000000000000 1.413475110443620 2.346188288093740E-08      9.50534900
1.800000000000000 1.412673325908100 2.707304069815560E-08      9.55841174
1.820000000000000 1.411866175971240 3.121768321623360E-08      9.61245418
1.840000000000000 1.411053695666050 3.597072950611850E-08      9.66750614
1.860000000000000 1.410235922242110 4.141688947356670E-08      9.72359843
1.880000000000000 1.409412895071560 4.765205896539730E-08      9.78076285
1.900000000000000 1.408584655562120 5.478444620177210E-08      9.83903232
1.920000000000000 1.407751247076240 6.293615034680400E-08      9.89844083
1.940000000000000 1.406912714855900 7.224475051526010E-08      9.95902352
1.960000000000000 1.406069105952390 8.286511943289550E-08    10.02081674
1.980000000000000 1.405220469160580 9.497139352721010E-08    10.08385801
2.000000000000000 1.404366854957360 1.087591486870210E-07    10.14818613
