0.200000000000000 1.549115550610710 1.060887488968380E-13      2.05795418
0.220000000000000 1.526756631782230 1.715294573045870E-13      2.07204803
0.240000000000000 1.511301238905520 2.687572386861350E-13      2.08589877
0.260000000000000 1.500006588783350 4.113098750480050E-13      2.09964302
0.280000000000000 1.491401927272620 6.175546185538390E-13      2.11336540
0.300000000000000 1.484626838761820 9.132174183523740E-13      2.12712304
0.320000000000000 1.479144817416830 1.332545185306340E-12      2.14095721
0.340000000000000 1.474604557016030 1.923072486843810E-12      2.15489953
0.360000000000000 1.470766912398020 2.749023231274350E-12      2.16897542
0.380000000000000 1.467463855859810 3.896549749526910E-12      2.18320623
0.400000000000000 1.464574178641070 5.483391518623650E-12      2.19761059
0.420000000000000 1.462008476638710 7.666645530229890E-12      2.21220531
0.440000000000000 1.459699534392340 1.065855737003570E-11      2.22700598
0.460000000000000 1.457595975739810 1.474333155560000E-11      2.24202743
0.480000000000000 1.455657959718480 2.030221130100430E-11      2.25728403
0.500000000000000 1.453854195217920 2.784518449150400E-11      2.27278998
0.520000000000000 1.452159828083880 3.805361581399330E-11      2.28855947
0.540000000000000 1.450554918643460 5.183678486453400E-11      2.30460688
0.560000000000000 1.449023326923220 7.040579230732650E-11      2.32094685
0.580000000000000 1.447551884511070 9.537143297322360E-11      2.33759447
0.600000000000000 1.446129771258500 1.288720241632290E-10      2.35456534
0.620000000000000 1.444748040539600 1.737419097480600E-10      2.37187566
0.640000000000000 1.443399253704900 2.337287030584890E-10      2.38954233
0.660000000000000 1.442077195790710 3.137788917584320E-10      2.40758303
0.680000000000000 1.440776652379720 4.204057102441540E-10      2.42601630
0.700000000000000 1.439493232965130 5.621657583887440E-10      2.44486162
0.720000000000000 1.438223230021130 7.502712340290430E-10      2.46413947
0.740000000000000 1.436963505735980 9.993752492221120E-10      2.48387141
0.760000000000000 1.435711400354480 1.328575749415250E-09      2.50408019
0.780000000000000 1.434464657532590 1.762692332374360E-09      2.52478976
0.800000000000000 1.433221363182130 2.333883359142970E-09      2.54602542 
0.820000000000001 1.431979895085030 3.083691108018980E-09      2.56781384
0.840000000000001 1.430738881159860 4.065595082813900E-09      2.59018320
0.860000000000001 1.429497164720650 5.348246290282080E-09      2.61316323
0.880000000000001 1.428253775418010 7.019445580347390E-09      2.63678529
0.900000000000001 1.427007904821770 9.191108429895680E-09      2.66108249
0.920000000000001 1.425758885813470 1.200540222789920E-08      2.68608980
0.940000000000000 1.424506175119980 1.564225637906700E-08      2.71184408
0.960000000000001 1.423249338448120 2.032858092970710E-08      2.73838424
0.980000000000001 1.421988037780930 2.634946749680010E-08      2.76575132
1.000000000000000 1.420722020477350 3.406176973808070E-08      2.79398861
1.020000000000000 1.419451109880870 4.391047037088920E-08      2.82314176
1.040000000000000 1.418175197195000 5.644831924112030E-08      2.85325890
1.060000000000000 1.416894234424490 7.235930310489640E-08      2.88439078
1.080000000000000 1.415608228215940 9.248615318036000E-08      2.91659087
1.100000000000000 1.414317234457370 1.178640738341840E-07      2.94991555
1.120000000000000 1.413021353521578 1.497580278675414E-07      2.98442423
1.140000000000000 1.411720726053190 1.897089318414480E-07      3.02017948
1.160000000000000 1.410415529217730 2.395854843406650E-07      3.05724725
1.180000000000000 1.409105973341250 3.016447473469520E-07      3.09569698
1.200000000000000 1.407792298881190 3.786016858353670E-07      3.13560181
1.220000000000000 1.406474773676560 4.737081376604560E-07      3.17703874
1.240000000000000 1.405153690433980 5.908429237810870E-07      3.22008883
1.260000000000000 1.403829364411330 7.346128485796740E-07      3.26483741
1.280000000000000 1.402502131266310 9.104659948189210E-07      3.31137420
1.300000000000000 1.401172345041640 1.124817366096600E-06      3.35979362
1.320000000000000 1.399840376262240 1.385187636021750E-06      3.41019488
1.340000000000000 1.398506610122970 1.700354769117170E-06      3.46268223
1.360000000000000 1.397171444748340 2.080518466687775E-06      3.51736516
1.380000000000000 1.395835289508020 2.537477345243566E-06      3.57435854
1.400000000000000 1.394498563374370 3.084817180198930E-06      3.63378285
1.420000000000000 1.393161693310000 3.738109763090640E-06      3.69576428
1.440000000000000 1.391825112675380 4.515120110348820E-06      3.76043490
1.460000000000000 1.390489259648350 5.436019905047390E-06      3.82793278
1.480000000000000 1.389154575649010 6.523604392294490E-06      3.89840205
1.500000000000000 1.387821503765300 7.803509315507110E-06      3.97199296
1.520000000000000 1.386490487176030 9.304424120559760E-06      4.04886192
1.540000000000000 1.385161967570290 1.105829702224840E-05      4.12917141
1.560000000000000 1.383836383563210 1.310052718356270E-05      4.21308990
1.580000000000000 1.382514169110520 1.547013890323970E-05      4.30079172
1.600000000000000 1.381195751925280 1.820993247886320E-05      4.39245683
1.620000000000000 1.379881551902510 2.136660568774480E-05      4.48827050
1.640000000000000 1.378571979559100 2.499084511603520E-05      4.58842298
1.660000000000000 1.377267434495820 2.913736869913920E-05      4.69310901
1.680000000000000 1.375968303894630 3.386493724039100E-05      4.80252730
1.700000000000000 1.374674961058690 3.923630940277920E-05      4.91687989
1.720000000000000 1.373387764009980 4.531814889230380E-05      5.03637144
1.740000000000000 1.372107054155670 5.218087892105980E-05      5.16120840
1.760000000000000 1.370833155036690 5.989848335791190E-05      5.29159814
1.780000000000000 1.369566371171880 6.854825429608580E-05      5.42774795
1.800000000000000 1.368306987009450 7.821048874351310E-05      5.56986401
1.820000000000000 1.367055265998500 8.896813746220310E-05      5.71815022
1.840000000000000 1.365811449790370 1.009064102260320E-04      5.87280705
1.860000000000000 1.364575757579410 1.141123436231850E-04      6.03403032
1.880000000000000 1.363348385590150 1.286743381668510E-04      6.20200990
1.900000000000000 1.362129506716040 1.446816725143020E-04      6.37692846
1.920000000000000 1.360919270312580 1.622240032284060E-04      6.55896020
1.940000000000000 1.359717802145260 1.813908588416960E-04      6.74826955
1.960000000000000 1.358525204490320 2.022711371029440E-04      6.94500999
1.980000000000000 1.357341556383840 2.249526140774000E-04      7.14932284
2.000000000000000 1.356166914012610 2.495214732995410E-04      7.36133620
