0.200000000000000 1.550061073122820 1.354472090042690E-14      6.42200400
0.220000000000000 1.527908737445760 1.953992523340280E-14      6.44598961
0.240000000000000 1.512676225456210 2.714495295208510E-14      6.46938792
0.260000000000000 1.501620753064050 3.724798247617400E-14      6.49243293
0.280000000000000 1.493271405246760 5.023759186428830E-14      6.51526637
0.300000000000000 1.486767529904120 6.679384692911960E-14      6.53798098
0.320000000000000 1.481572345803210 8.782558014175380E-14      6.56064108
0.340000000000000 1.477334250139820 1.143148076199200E-13      6.58329341
0.360000000000000 1.473813789233150 1.475486399726830E-13      6.60597325
0.380000000000000 1.470842620028930 1.889599587912020E-13      6.62870810
0.400000000000000 1.468299214516850 2.403077736801150E-13      6.65152006
0.420000000000000 1.466093847171000 3.038125306886740E-13      6.67442730
0.440000000000000 1.464158979956080 3.821387650759790E-13      6.69744517
0.460000000000000 1.462442913573660 4.782840790085170E-13      6.72058685
0.480000000000000 1.460905483681640 5.956346527113960E-13      6.74386394
0.500000000000000 1.459515075685860 7.390754674929670E-13      6.76728679
0.520000000000000 1.458246511861630 9.134915046615790E-13      6.79086482
0.540000000000000 1.457079528811080 1.125211035457600E-12      6.81460668
0.560000000000000 1.455997662552210 1.381449215274740E-12      6.83852050
0.580000000000000 1.454987420206190 1.691160883207640E-12      6.86261393
0.600000000000000 1.454037656490590 2.064659912221630E-12      6.88689429
0.620000000000000 1.453139098742870 2.514211061566130E-12      6.91136865
0.640000000000000 1.452283981118310 3.054667629953660E-12      6.93604390
0.660000000000000 1.451465760027340 3.702704809427360E-12      6.96092678
0.680000000000000 1.450678890712220 4.479194792850190E-12      6.98602394
0.700000000000000 1.449918650318410 5.408166969811390E-12      7.01134200
0.720000000000000 1.449180996666560 6.518119377574290E-12      7.03688754
0.740000000000000 1.448462454684040 7.842714325190240E-12      7.06266718
0.760000000000000 1.447760024445640 9.421768920603310E-12      7.08868757
0.780000000000000 1.447071106228610 1.130207559485450E-11      7.11495540
0.800000000000000 1.446393439062600 1.353907264078910E-11      7.14147749
0.820000000000001 1.445725050056540 1.619798392638040E-11      7.16826071
0.840000000000001 1.445064212387390 1.935573923361740E-11      7.19531210
0.860000000000001 1.444409410293470 2.310295704743840E-11      7.22263881
0.880000000000001 1.443759309764570 2.754645123115300E-11      7.25024813
0.900000000000001 1.443112733890300 3.281180882552800E-11      7.27814755
0.920000000000001 1.442468642037310 3.904713358204860E-11      7.30634472
0.940000000000000 1.441826112188880 4.642664030996000E-11      7.33484748
0.960000000000001 1.441184325908500 5.515488066265560E-11      7.36366389
0.980000000000001 1.440542555490480 6.547251629740460E-11      7.39280223
1.000000000000000 1.439900152940900 7.766265408548630E-11      7.42227102
1.020000000000000 1.439256540496590 9.205758377817120E-11      7.45207901
1.040000000000000 1.438611202441470 1.090473267240100E-10      7.48223524
1.060000000000000 1.437963678021210 1.290899054318120E-10      7.51274898
1.080000000000000 1.437313555291090 1.527223902897390E-10      7.54362983
1.100000000000000 1.436660465759120 1.805741112193000E-10      7.57488768
1.120000000000000 1.436004079709440 2.133831028539030E-10      7.60653272
1.140000000000000 1.435344102109140 2.520125219618310E-10      7.63857547
1.160000000000000 1.434680269017050 2.974739343741820E-10      7.67102681
1.180000000000000 1.434012344425590 3.509487145336720E-10      7.70389796
1.200000000000000 1.433340117477290 4.138190901059600E-10      7.73720051
1.220000000000000 1.432663400006360 4.876986592350360E-10      7.77094645
1.240000000000000 1.431982024362740 5.744710263044790E-10      7.80514814
1.260000000000000 1.431295841482640 6.763327675685100E-10      7.83981839
1.280000000000000 1.430604719174240 7.958445014111250E-10      7.87497043
1.300000000000000 1.429908540591860 9.359876207426510E-10      7.91061792
1.320000000000000 1.429207202875660 1.100231822315220E-09      7.94677501
1.340000000000000 1.428500615936660 1.292610879444210E-09      7.98345631
1.360000000000000 1.427788701370070 1.517811501483560E-09      8.02067694
1.380000000000000 1.427071391481730 1.781273316348030E-09      8.05845255
1.400000000000000 1.426348628414640 2.089305124741700E-09      8.09679928
1.420000000000000 1.425620363364240 2.449216773836580E-09      8.13573388
1.440000000000000 1.424886555872270 2.869470744348850E-09      8.17527363
1.460000000000000 1.424147173190780 3.359854339191060E-09      8.21543644
1.480000000000000 1.423402189708300 3.931676928470300E-09      8.25624080
1.500000000000000 1.422651586431600 4.597993596977550E-09      8.29770584
1.520000000000000 1.421895350517060 5.373860190172050E-09      8.33985138
1.540000000000000 1.421133474846330 6.276617836586950E-09      8.38269788
1.560000000000000 1.420365957641810 7.326245499150730E-09      8.42626654
1.580000000000000 1.419592802117350 8.545683272132010E-09      8.47057923
1.600000000000000 1.418814016161350 9.961301006278230E-09      8.51565865
1.620000000000000 1.418029612048040 1.160334872629680E-08      8.56152821
1.640000000000000 1.417239606174800 1.350650158382650E-08      8.60821217
1.660000000000000 1.416444018822460 1.571045371573380E-08      8.65573559
1.680000000000000 1.415642873936490 1.826060802567750E-08      8.70412442
1.700000000000000 1.414836198926980 2.120883191292220E-08      8.75340546
1.720000000000000 1.414024024485440 2.461431558575810E-08      8.80360646
1.740000000000000 1.413206384416870 2.854452862965930E-08      8.85475613
1.760000000000000 1.412383315485450 3.307630669358020E-08      8.90688413
1.780000000000000 1.411554857273020 3.829695904844500E-08      8.96002118
1.800000000000000 1.410721052047670 4.430581113101790E-08      9.01419901
1.820000000000000 1.409881944643720 5.121541768460250E-08      9.06945047
1.840000000000000 1.409037582349500 5.915345824281100E-08      9.12580953
1.860000000000000 1.408188014804130 6.826444809426850E-08      9.18331133
1.880000000000000 1.407333293900790 7.871164875439260E-08      9.24199222
1.900000000000000 1.406473473697240 9.067958817166040E-08      9.30188977
1.920000000000000 1.405608610331580 1.043763534491760E-07      9.36304289
1.940000000000000 1.404738761943570 1.200363723974360E-07      9.42549180
1.960000000000000 1.403863988600280 1.379234150222790E-07      9.48927813
1.980000000000000 1.402984352225957 1.583339408472995E-07      9.55444491
2.000000000000000 1.402099916535810 1.816006064969680E-07      9.62103668
