0.200000000000000 1.549555459904380 5.029310301551960E-14      3.00803585
0.220000000000000 1.527292084290580 7.746581154322030E-14      3.02481055
0.240000000000000 1.511939615479540 1.160738172245600E-13      3.04124418
0.260000000000000 1.500755247487430 1.700341256682950E-13      3.05749951
0.280000000000000 1.492268129143150 2.446940084365950E-13      3.07367627
0.300000000000000 1.485617712862890 3.468336728928990E-13      3.08984073
0.320000000000000 1.480267342965060 4.855560398198120E-13      3.10603981
0.340000000000000 1.475865553730280 6.726841306203820E-13      3.12230852
0.360000000000000 1.472173035120380 9.230394226733550E-13      3.13867417
0.380000000000000 1.469021591515450 1.256772463875680E-12      3.15515890
0.400000000000000 1.466289844522300 1.698362452192890E-12      3.17178130
0.420000000000000 1.463888219447980 2.280731159487460E-12      3.18855746
0.440000000000000 1.461749329712520 3.045452778849270E-12      3.20550172
0.460000000000000 1.459821627728770 4.045764157717400E-12      3.22262714
0.480000000000000 1.458065100898130 5.349720232777910E-12      3.23994589
0.500000000000000 1.456448286271540 7.044616626150630E-12      3.25746954
0.520000000000000 1.454946157602940 9.241468728509240E-12      3.27520925
0.540000000000000 1.453538602781880 1.208183553202960E-11      3.29317592
0.560000000000000 1.452209308928570 1.574619601374390E-11      3.31138035
0.580000000000000 1.450944934109860 2.046376967618920E-11      3.32983333
0.600000000000000 1.449734483878180 2.652628117161270E-11      3.34854573
0.620000000000000 1.448568836353780 3.430358774814120E-11      3.36752856
0.640000000000000 1.447440376491900 4.426536914792220E-11      3.38679307
0.660000000000000 1.446342711597700 5.700662164542790E-11      3.40635080
0.680000000000000 1.445270447987500 7.328049278498840E-11      3.42621360
0.700000000000000 1.444219014150520 9.403977596633690E-11      3.44639372
0.720000000000000 1.443184519616230 1.204873978366550E-10      3.46690384
0.740000000000000 1.442163641485310 1.541416994044200E-10      3.48775711
0.760000000000000 1.441153532573380 1.969154839187580E-10      3.50896719
0.780000000000000 1.440151746572140 2.512159369416620E-10      3.53054833
0.800000000000000 1.439156176707700 3.200673059922110E-10      3.55251535
0.820000000000001 1.438165005177810 4.072645554131780E-10      3.57488373
0.840000000000001 1.437176661252410 5.175621042852190E-10      3.59766962
0.860000000000001 1.436189786379600 6.569048083271410E-10      3.62088993
0.880000000000001 1.435203204988660 8.327161182819510E-10      3.64456230
0.900000000000001 1.434215899951240 1.054246745457730E-09      3.66870520
0.920000000000001 1.433226991870480 1.333004290282600E-09      3.69333795
0.940000000000000 1.432235721531340 1.683276726338610E-09      3.71848076
0.960000000000001 1.431241434972870 2.122768068962830E-09      3.74415481
0.980000000000001 1.430243570745090 2.673370969041860E-09      3.77038224
1.000000000000000 1.429241648993090 3.362100486903330E-09      3.79718624
1.020000000000000 1.428235262075500 4.222221461347430E-09      3.82459110
1.040000000000000 1.427224066476060 5.294603977468170E-09      3.85262223
1.060000000000000 1.426207775808700 6.629349347253570E-09      3.88130623
1.080000000000000 1.425186154750310 8.287733055389880E-09      3.91067096
1.100000000000000 1.424159013762910 1.034452534742770E-08      3.94074557
1.120000000000000 1.423126204489530 1.289074169630310E-08      3.97156056
1.140000000000000 1.422087615726470 1.603690868989820E-08      4.00314786
1.160000000000000 1.421043169889800 1.991693265868120E-08      4.03554088
1.180000000000000 1.419992819907250 2.469256177306530E-08      4.06877456
1.200000000000000 1.418936546475400 3.055885222646990E-08      4.10288549
1.220000000000000 1.417874355633690 3.775026324870370E-08      4.13791190
1.240000000000000 1.416806276610780 4.654799490300120E-08      4.17389381
1.260000000000000 1.415732359907620 5.728824192807730E-08      4.21087307
1.280000000000000 1.414652675584980 7.037231453121960E-08      4.24889343
1.300000000000000 1.413567311728820 8.627751935108560E-08      4.28800066
1.320000000000000 1.412476373069470 1.055702862906570E-07      4.32824261
1.340000000000000 1.411379979734540 1.289209479171660E-07      4.36966931
1.360000000000000 1.410278266117690 1.571206496020490E-07      4.41233305
1.380000000000000 1.409171379847760 1.911007315724690E-07      4.45628852
1.400000000000000 1.408059480845070 2.319535743477990E-07      4.50159288
1.420000000000000 1.406942740452370 2.809593114827540E-07      4.54830586
1.440000000000000 1.405821340630280 3.396107116637740E-07      4.59648990
1.460000000000000 1.404695473208840 4.096459350622080E-07      4.64621025
1.480000000000000 1.403565339185310 4.930819965109910E-07      4.69753508
1.500000000000000 1.402431148062720 5.922539974834160E-07      4.75053561
1.520000000000000 1.401293117220870 7.098552710360640E-07      4.80528625
1.540000000000000 1.400151471316280 8.489856166971070E-07      4.86186471
1.560000000000000 1.399006441703770 1.013200927990620E-06      4.92035212
1.580000000000000 1.397858265876330 1.206568547275350E-06      4.98083319
1.600000000000000 1.396707186918720 1.433726702124160E-06      5.04339630
1.620000000000000 1.395553452971040 1.699949011071960E-06      5.10813368
1.640000000000000 1.394397316699150 2.011212977354182E-06      5.17514149
1.660000000000000 1.393239034768687 2.374273222138790E-06      5.24451998
1.680000000000000 1.392078867320270 2.796738817451017E-06      5.31637360
1.700000000000000 1.390917077443360 3.287154441117268E-06      5.39081111
1.720000000000000 1.389753930646940 3.855085031395640E-06      5.46783251
1.740000000000000 1.388589694325190 4.511203294810250E-06      5.54789505
1.760000000000000 1.387424637216780 5.267379440621060E-06      5.63078150
1.780000000000000 1.386259028856660 6.136772333298350E-06      5.71673202
1.800000000000000 1.385093139019650 7.133921087976170E-06      5.80587833
1.820000000000000 1.383927237155240 8.274836119426250E-06      5.89835691
1.840000000000000 1.382761591813690 9.577088342987640E-06      5.99430903
1.860000000000000 1.381596470063420 1.105989529912030E-05      6.09388073
1.880000000000000 1.380432136900550 1.274420274521850E-05      6.19722274
1.900000000000000 1.379268854651380 1.465276022033500E-05      6.30449050
1.920000000000000 1.378106882369240 1.681018929272640E-05      6.41584395
1.940000000000000 1.376946475227790 1.924304097827840E-05      6.53144747
1.960000000000000 1.375787883911600 2.197984647622770E-05      6.65146965
1.980000000000000 1.374631354008780 2.505115008483160E-05      6.77608309
2.000000000000000 1.373477125406100 2.848953237843950E-05      6.90546414
