0.200000000000000 1.549878590906550 2.392530618067210E-14      4.55494852
0.220000000000000 1.527686004876780 3.527473452225040E-14      4.57532080
0.240000000000000 1.512409962328970 5.079270337660090E-14      4.59522700
0.260000000000000 1.501307664334370 7.149836278586010E-14      4.61486538
0.280000000000000 1.492908212034200 9.901785337843030E-14      4.63435649
0.300000000000000 1.486350984239690 1.351835310359210E-13      4.65377964
0.320000000000000 1.481099238294100 1.823541317946820E-13      4.67319025
0.340000000000000 1.476801414201770 2.434719093002970E-13      4.69262895
0.360000000000000 1.473218103521760 3.221312105949890E-13      4.71212673
0.380000000000000 1.470181009866180 4.228839500797220E-13      4.73170812
0.400000000000000 1.467568652729690 5.514477763313150E-13      4.75139312
0.420000000000000 1.465291354573070 7.144285163462880E-13      4.77119850
0.440000000000000 1.463281625606640 9.206732598521230E-13      4.79113869
0.460000000000000 1.461487814895110 1.180278097479000E-12      4.81122639
0.480000000000000 1.459869806486520 1.506350599811410E-12      4.83147300
0.500000000000000 1.458396034146230 1.914468583663620E-12      4.85188897
0.520000000000000 1.457041368442970 2.423782095167800E-12      4.87248402
0.540000000000000 1.455785594185570 3.057998299027530E-12      4.89326733
0.560000000000000 1.454612295502080 3.845701534999080E-12      4.91424771
0.580000000000000 1.453508027524720 4.822196786845310E-12      4.93543366
0.600000000000000 1.452461692886470 6.030065335949080E-12      4.95683351
0.620000000000000 1.451464066752120 7.521653438979930E-12      4.97845546
0.640000000000000 1.450507431027190 9.360401342917160E-12      5.00030769
0.660000000000000 1.449585289808780 1.162364648976680E-11      5.02239836
0.680000000000000 1.448692145978080 1.440562079346730E-11      5.04473568
0.700000000000000 1.447823324289240 1.782056446852920E-11      5.06732795
0.720000000000000 1.446974830160490 2.200753468351020E-11      5.09018360
0.740000000000000 1.446143236126130 2.713525237840740E-11      5.11331119
0.760000000000000 1.445325589898760 3.340866472356650E-11      5.13671951
0.780000000000000 1.444519339447040 4.107630902083770E-11      5.16041751
0.800000000000000 1.443722271569230 5.043931938786270E-11      5.18441442
0.820000000000001 1.442932461244440 6.186254286610900E-11      5.20871971
0.840000000000001 1.442148229646720 7.578815353070920E-11      5.23334312
0.860000000000001 1.441368109164290 9.275097356820080E-11      5.25829473
0.880000000000001 1.440590814116250 1.133971805344910E-10      5.28358493
0.900000000000001 1.439815216128150 1.385082050138830E-10      5.30922446
0.920000000000001 1.439040323336890 1.690268897069910E-10      5.33522443
0.940000000000000 1.438265262758490 2.060909221057730E-10      5.36159637
0.960000000000001 1.437489265280210 2.510715524373100E-10      5.38835220
0.980000000000001 1.436711652840060 3.056197517281590E-10      5.41550428
1.000000000000000 1.435931827436790 3.717215424359210E-10      5.44306544
1.020000000000000 1.435149261678150 4.517647367308090E-10      5.47104899
1.040000000000000 1.434363490626560 5.486150422839840E-10      5.49946875
1.060000000000000 1.433574104743070 6.657108198027120E-10      5.52833907
1.080000000000000 1.432780743764320 8.071701640410820E-10      5.55767484
1.100000000000000 1.431983091374690 9.779220211392210E-10      5.58749154
1.120000000000000 1.431180870558290 1.183858004683010E-09      5.61780525
1.140000000000000 1.430373839533970 1.432011592639170E-09      5.64863267
1.160000000000000 1.429561788191800 1.730770568530990E-09      5.67999117
1.180000000000000 1.428744534961940 2.090119665884570E-09      5.71189877
1.200000000000000 1.427921924057440 2.521938893829120E-09      5.74437426
1.220000000000000 1.427093823041210 3.040340007531840E-09      5.77743709
1.240000000000000 1.426260120674520 3.662053243980170E-09      5.81110752
1.260000000000000 1.425420725010930 4.406901232822950E-09      5.84540661
1.280000000000000 1.424575561704110 5.298328220604280E-09      5.88035622
1.300000000000000 1.423724572502990 6.364024196514610E-09      5.91597908
1.320000000000000 1.422867713910850 7.636644483444140E-09      5.95229883
1.340000000000000 1.422004955988400 9.154643376696470E-09      5.98934001
1.360000000000000 1.421136281283510 1.096323631877280E-08      6.02712812
1.380000000000000 1.420261683872240 1.311550557048240E-08      6.06568968
1.400000000000000 1.419381168498380 1.567366736399120E-08      6.10505222
1.420000000000000 1.418494749799610 1.871054966517960E-08      6.14524436
1.440000000000000 1.417602451610460 2.231123685803030E-08      6.18629584
1.460000000000000 1.416704306333150 2.657497977232030E-08      6.22823752
1.480000000000000 1.415800354368600 3.161738282297930E-08      6.27110151
1.500000000000000 1.414890643600600 3.757286681782550E-08      6.31492113
1.520000000000000 1.413975228927350 4.459746583140860E-08      6.35973102
1.540000000000000 1.413054171834800 5.287200532944070E-08      6.40556712
1.560000000000000 1.412127540007210 6.260568641280880E-08      6.45246682
1.580000000000000 1.411195406970610 7.404012114520240E-08      6.50046889
1.600000000000000 1.410257851765460 8.745389068476330E-08      6.54961367
1.620000000000000 1.409314958645060 1.031676163387730E-07      6.59994301
1.640000000000000 1.408366816796970 1.215496724382700E-07      6.65150040
1.660000000000000 1.407413520084446 1.430225835541421E-07      6.70433099
1.680000000000000 1.406455166805630 1.680700770778640E-07      6.75848169
1.700000000000000 1.405491859468328 1.972449888976158E-07      6.81400122
1.720000000000000 1.404523704578370 2.311779921382320E-07      6.87094018
1.740000000000000 1.403550812439760 2.705872544361830E-07      6.92935110
1.760000000000000 1.402573296965032 3.162890838681598E-07      6.98928857
1.780000000000000 1.401591275494310 3.692096347540640E-07      7.05080924
1.800000000000000 1.400604868621770 4.303977417796650E-07      7.11397198
1.820000000000000 1.399614200028160 5.010389566573180E-07      7.17883788
1.840000000000000 1.398619396318430 5.824708434187810E-07      7.24547041
1.860000000000000 1.397620586863180 6.761996254878170E-07      7.31393544
1.880000000000000 1.396617903643290 7.839181917768110E-07      7.38430138
1.900000000000000 1.395611481096430 9.075255928830960E-07      7.45663921
1.920000000000000 1.394601455964990 1.049147992371320E-06      7.53102264
1.940000000000000 1.393587967144490 1.211161182516210E-06      7.60752815
1.960000000000000 1.392571155531740 1.396214647987610E-06      7.68623511
1.980000000000000 1.391551163872120 1.607257216366950E-06      7.76722586
2.000000000000000 1.390528136605410 1.847564283438680E-06      7.85058579
