0.200000000000000 1.549435427706820 6.297740107186200E-14      2.67132990
0.220000000000000 1.527145894186340 9.847764964598940E-14      2.68720860
0.240000000000000 1.511765222442250 1.495054080535850E-13      2.70277833
0.260000000000000 1.500550609283940 2.218225603201060E-13      2.71819309
0.280000000000000 1.492031226621160 3.232414336196140E-13      2.73354749
0.300000000000000 1.485346559520680 4.639066908396220E-13      2.74890466
0.320000000000000 1.479959989861290 6.574740751830180E-13      2.76430953
0.340000000000000 1.475520092144140 9.216481744456220E-13      2.77979588
0.360000000000000 1.471787598039220 1.280004205926610E-12      2.79539025
0.380000000000000 1.468594354476260 1.763145185407210E-12      2.81111439
0.400000000000000 1.465819026082890 2.411071342578450E-12      2.82698672
0.420000000000000 1.463372081441360 3.276157123366370E-12      2.84302342
0.440000000000000 1.461186177374300 4.426015109970650E-12      2.85923904
0.460000000000000 1.459209809752350 5.948852521697750E-12      2.87564700
0.480000000000000 1.457403009452550 7.959188863537750E-12      2.89226000
0.500000000000000 1.455734357005020 1.060469797370920E-11      2.90909019
0.520000000000000 1.454178869647770 1.407693747131720E-11      2.92614946
0.540000000000000 1.452716478771670 1.862303367072830E-11      2.94344955
0.560000000000000 1.451330915036040 2.456210235202150E-11      2.96100219
0.580000000000000 1.450008880111000 3.230549161514770E-11      2.97881921
0.600000000000000 1.448739423247570 4.238294437630690E-11      2.99691262
0.620000000000000 1.447513466394650 5.547562409446980E-11      3.01529472
0.640000000000000 1.446323438503810 7.245881672446330E-11      3.03397813
0.660000000000000 1.445162991084170 9.445610960057140E-11      3.05297589
0.680000000000000 1.444026774905600 1.229067958519180E-10      3.07230147
0.700000000000000 1.442910263203650 1.596535126324740E-10      3.09196890
0.720000000000000 1.441809610591430 2.070504878659560E-10      3.11199273
0.740000000000000 1.440721539635730 2.681019850570010E-10      3.13238818
0.760000000000000 1.439643249046370 3.466346099045840E-10      3.15317111
0.780000000000000 1.438572338883020 4.475151360594510E-10      3.17435811
0.800000000000000 1.437506749258910 5.769204003414070E-10      3.19596653
0.820000000000001 1.436444709822880 7.426764758733380E-10      3.21801457
0.840000000000001 1.435384697903640 9.546782808733670E-10      3.24052126
0.860000000000001 1.434325403658190 1.225411494498730E-09      3.26350661
0.880000000000001 1.433265700915510 1.570595833944030E-09      3.28699154
0.900000000000001 1.432204622676330 2.009979318401410E-09      3.31099805
0.920000000000001 1.431141340438450 2.568311507911150E-09      3.33554918
0.940000000000000 1.430075146680440 3.276549281894250E-09      3.36066916
0.960000000000001 1.429005439964150 4.173290435449670E-09      3.38638335
0.980000000000001 1.427931712218420 5.306572736785140E-09      3.41271843
1.000000000000000 1.426853537846250 6.736011248786870E-09      3.43970234
1.020000000000000 1.425770564362250 8.535400053411020E-09      3.46736443
1.040000000000000 1.424682504318990 1.079584419083620E-08      3.49573549
1.060000000000000 1.423589128322080 1.362951551620030E-08      3.52484781
1.080000000000000 1.422490258968340 1.717414266355630E-08      3.55473527
1.100000000000000 1.421385765568020 2.159836964832350E-08      3.58543339
1.120000000000000 1.420275559535670 2.710812763151440E-08      3.61697945
1.140000000000000 1.419159590351820 3.395404568617980E-08      3.64941252
1.160000000000000 1.418037842012940 4.244052242974300E-08      3.68277356
1.180000000000000 1.416910329901080 5.293592708621730E-08      3.71710553
1.200000000000000 1.415777098012880 6.588482354130680E-08      3.75245344
1.220000000000000 1.414638216498410 8.182216493235470E-08      3.78886449
1.240000000000000 1.413493779466470 1.013896503421210E-07      3.82638813
1.260000000000000 1.412343903019410 1.253548064239500E-07      3.86507620
1.280000000000000 1.411188723485790 1.546327500490110E-07      3.90498299
1.300000000000000 1.410028395823310 1.903112097634270E-07      3.94616541
1.320000000000000 1.408863092168490 2.336791075086000E-07      3.98868307
1.340000000000000 1.407693000512170 2.862589500995940E-07      4.03259842
1.360000000000000 1.406518323483130 3.498434739124260E-07      4.07797685
1.380000000000000 1.405339277223810 4.265369568656750E-07      4.12488687
1.400000000000000 1.404156090345000 5.188010357148890E-07      4.17340021
1.420000000000000 1.402969002945830 6.295068754047510E-07      4.22359194
1.440000000000000 1.401778265690730 7.619915034506870E-07      4.27554069
1.460000000000000 1.400584138931570 9.201210586506910E-07      4.32932870
1.480000000000000 1.399386891868070 1.108359746364310E-06      4.38504202
1.500000000000000 1.398186801738230 1.331844979641630E-06      4.44277067
1.520000000000000 1.396984153032700 1.596468978695700E-06      4.50260876
1.540000000000000 1.395779236726730 1.908966412389468E-06      4.56465462
1.560000000000000 1.394572349525090 2.277008881668152E-06      4.62901099
1.580000000000000 1.393363793114090 2.709303466963409E-06      4.69578511
1.600000000000000 1.392153873418810 3.215699524744540E-06      4.76508887
1.620000000000000 1.390942899859720 3.807297062591310E-06      4.83703895
1.640000000000000 1.389731184607430 4.496561864630880E-06      4.91175689
1.660000000000000 1.388519041832390 5.297442005114390E-06      4.98936919
1.680000000000000 1.387306786947790 6.225486812172500E-06      5.07000742
1.700000000000000 1.386094735844380 7.297966213348770E-06      5.15380823
1.720000000000000 1.384883204116300 8.533988946568540E-06      5.24091341
1.740000000000000 1.383672506277770 9.954617889385010E-06      5.33146985
1.760000000000000 1.382462954970740 1.158298052406080E-05      5.42562957
1.780000000000000 1.381254860164730 1.344437245393010E-05      5.52354961
1.800000000000000 1.380048528349960 1.556635173832750E-05      5.62539193
1.820000000000000 1.378844261726250 1.797882175935680E-05      5.73132329
1.840000000000000 1.377642357390030 2.071410021092790E-05      5.84151500
1.860000000000000 1.376443106523090 2.380697238799080E-05      5.95614274
1.880000000000000 1.375246793586410 2.729472483592450E-05      6.07538621
1.900000000000000 1.374053695524260 3.121716197646010E-05      6.19942881
1.920000000000000 1.372864080981880 3.561659449352610E-05      6.32845724
1.940000000000000 1.371678209544250 4.053781109858430E-05      6.46266099
1.960000000000000 1.370496330998720 4.602801999037400E-05      6.60223187
1.980000000000000 1.369318684629470 5.213676748572200E-05      6.74736338
2.000000000000000 1.368145498548680 5.891582903350120E-05      6.89825009
