0.200000000000000 1.549981543325110 1.754152378907750E-14      5.44845743
0.220000000000000 1.527811638683220 2.575717417130360E-14      5.47063465
0.240000000000000 1.512560118543080 3.641531520770510E-14      5.49228482
0.260000000000000 1.501484191266060 5.057065877167590E-14      5.51362402
0.280000000000000 1.493112947800540 6.900036098045350E-14      5.53478337
0.300000000000000 1.486585748455140 9.288757820706990E-14      5.55584887
0.320000000000000 1.481365827757250 1.235653289757830E-13      5.57688035
0.340000000000000 1.477101600518310 1.627031842588170E-13      5.59792145
0.360000000000000 1.473553631743080 2.122746423083300E-13      5.61900527
0.380000000000000 1.470553597694080 2.752242878045760E-13      5.64015778
0.400000000000000 1.467979990052090 3.539113446748840E-13      5.66139997
0.420000000000000 1.465743103200140 4.525962937762530E-13      5.68274926
0.440000000000000 1.463775419131750 5.756506382681440E-13      5.70422047
0.460000000000000 1.462025258634630 7.281944687000110E-13      5.72582648
0.480000000000000 1.460452477469570 9.172098844323350E-13      5.74757871
0.500000000000000 1.459025481135930 1.150635142721510E-12      5.76948750
0.520000000000000 1.457719111976510 1.437849839192040E-12      5.79156232
0.540000000000000 1.456513126624690 1.790536469092890E-12      5.81381201
0.560000000000000 1.455391081087880 2.222444450694640E-12      5.83624492
0.580000000000000 1.454339502432440 2.750799588113750E-12      5.85886904
0.600000000000000 1.453347265276880 3.395212062884400E-12      5.88169209
0.620000000000000 1.452405116817260 4.179989687713710E-12      5.90472157
0.640000000000000 1.451505311028290 5.134170866227810E-12      5.92796489
0.660000000000000 1.450641324104970 6.292133480911840E-12      5.95142936
0.680000000000000 1.449807631044520 7.695732939794200E-12      5.97512227
0.700000000000000 1.448999528723640 9.394734989953690E-12      5.99905091
0.720000000000000 1.448212994677110 1.144866493274500E-11      6.02322262
0.740000000000000 1.447444573536430 1.392878173911430E-11      6.04764480
0.760000000000000 1.446691285078040 1.692029849564850E-11      6.07232498
0.780000000000000 1.445950549286400 2.052510938987950E-11      6.09727077
0.800000000000000 1.445220124912300 2.486488792641240E-11      6.12248997
0.820000000000001 1.444498058808410 3.008490678801930E-11      6.14799052
0.840000000000001 1.443782643927120 3.635852729999560E-11      6.17378054
0.860000000000001 1.443072384323190 4.389277830085800E-11      6.19986839
0.880000000000001 1.442365965853410 5.293432359110280E-11      6.22626261
0.900000000000001 1.441662231534900 6.377698369419700E-11      6.25297203
0.920000000000001 1.440960160732340 7.677158908592220E-11      6.28000568
0.940000000000000 1.440258851507940 9.233436237821020E-11      6.30737292
0.960000000000001 1.439557505595500 1.109621283745810E-10      6.33508337
0.980000000000001 1.438855415561720 1.332450816349250E-10      6.36314695
1.000000000000000 1.438151953798010 1.598836618654790E-10      6.39157395
1.020000000000000 1.437446563050480 1.917115355354330E-10      6.42037494
1.040000000000000 1.436738748247350 2.297171342036110E-10      6.44956091
1.060000000000000 1.436028069424880 2.750725203171100E-10      6.47914317
1.080000000000000 1.435314135586370 3.291678041250630E-10      6.50913346
1.100000000000000 1.434596599356700 3.936477810384530E-10      6.53954391
1.120000000000000 1.433875152316960 4.704594491755640E-10      6.57038710
1.140000000000000 1.433149520922530 5.619045784222010E-10      6.60167603
1.160000000000000 1.432419462923090 6.707019939433680E-10      6.63342418
1.180000000000000 1.431684764215610 8.000604068136850E-10      6.66564552
1.200000000000000 1.430945236071820 9.537635126122270E-10      6.69835452
1.220000000000000 1.430200712690610 1.136266220003180E-09      6.73156615
1.240000000000000 1.429451049032640 1.352813389088320E-09      6.76529596
1.260000000000000 1.428696118901330 1.609572738980880E-09      6.79956004
1.280000000000000 1.427935813238580 1.913781716433860E-09      6.83437509
1.300000000000000 1.427170038608780 2.273935331759050E-09      6.86975839
1.320000000000000 1.426398715847880 2.699987816656700E-09      6.90572787
1.340000000000000 1.425621778857470 3.203590920319850E-09      6.94230212
1.360000000000000 1.424839173526740 3.798369285767930E-09      6.97950039
1.380000000000000 1.424050856767000 4.500235017967920E-09      7.01734265
1.400000000000000 1.423256795645930 5.327750407513320E-09      7.05584960
1.420000000000000 1.422456966609890 6.302544208747210E-09      7.09504269
1.440000000000000 1.421651354784430 7.449786565416620E-09      7.13494414
1.460000000000000 1.420839953344100 8.798733963644170E-09      7.17557702
1.480000000000000 1.420022762944020 1.038334984659880E-08      7.21696520
1.500000000000000 1.419199791206230 1.224301282576330E-08      7.25913344
1.520000000000000 1.418371052255000 1.442332198120510E-08      7.30210740
1.540000000000000 1.417536566295640 1.697700369174270E-08      7.34591368
1.560000000000000 1.416696359232360 1.996496568068550E-08      7.39057984
1.580000000000000 1.415850462320780 2.345745120369000E-08      7.43613444
1.600000000000000 1.414998911851540 2.753537364785780E-08      7.48260708
1.620000000000000 1.414141748861720 3.229181008701510E-08      7.53002845
1.640000000000000 1.413279018871040 3.783368263121650E-08      7.57843032
1.660000000000000 1.412410771640350 4.428365030229030E-08      7.62784565
1.680000000000000 1.411537060949930 5.178223111412810E-08      7.67830858
1.700000000000000 1.410657944395580 6.049017442499860E-08      7.72985448
1.720000000000000 1.409773483200600 7.059111839513580E-08      7.78252002
1.740000000000000 1.408883742041860 8.229454873109890E-08      7.83634320
1.760000000000000 1.407988788888600 9.583909610366700E-08      7.89136338
1.780000000000000 1.407088694852350 1.114961987180860E-07      7.94762136
1.800000000000000 1.406183534046850 1.295741653972730E-07      8.00515943
1.820000000000000 1.405273383456830 1.504226700976830E-07      8.06402140
1.840000000000000 1.404358322814470 1.744377189361050E-07      8.12425267
1.860000000000000 1.403438434482710 2.020671224234330E-07      8.18590030
1.880000000000000 1.402513803344560 2.338165172866000E-07      8.24901305
1.900000000000000 1.401584516697420 2.702559738221310E-07      8.31364146
1.920000000000000 1.400650664151900 3.120272250578540E-07      8.37983789
1.940000000000000 1.399712337534260 3.598515805336430E-07      8.44765661
1.960000000000000 1.398769630792080 4.145385777420960E-07      8.51715384
1.980000000000000 1.397822639902190 4.769952693384210E-07      8.58838790
2.000000000000000 1.396871462780680 5.482364817399610E-07      8.66141914
