0.200000000000000 1.550023759955690 1.543210004228970E-14      5.92522481
0.220000000000000 1.527863175985130 2.220446049250310E-14      5.94830567
0.240000000000000 1.512621738543270 3.130828929442940E-14      5.97082925
0.260000000000000 1.501556659780070 4.319181129628360E-14      5.99302060
0.280000000000000 1.493197027257520 5.855298884638320E-14      6.01501614
0.300000000000000 1.486682194482490 7.838174553853610E-14      6.03690522
0.320000000000000 1.481475387403740 1.036185026670470E-13      6.05874991
0.340000000000000 1.477225011271380 1.356171576948060E-13      6.08059540
0.360000000000000 1.473691620962930 1.759703494030870E-13      6.10247585
0.380000000000000 1.470706882280550 2.266520304772260E-13      6.12441800
0.400000000000000 1.468149276247740 2.898707207425740E-13      6.14644338
0.420000000000000 1.465929086476300 3.684663251596330E-13      6.16856978
0.440000000000000 1.463978784126330 4.658495811327160E-13      6.19081227
0.460000000000000 1.462246679123050 5.860867346996200E-13      6.21318386
0.480000000000000 1.460692616357000 7.338990526406520E-13      6.23569606
0.500000000000000 1.459284990463200 9.153925184927940E-13      6.25835918
0.520000000000000 1.457998632934710 1.137312466426010E-12      6.28118266
0.540000000000000 1.456813289574960 1.408310967843110E-12      6.30417524
0.560000000000000 1.455712505583920 1.738165167353150E-12      6.32734512
0.580000000000000 1.454682797244080 2.139066701545290E-12      6.35070010
0.600000000000000 1.453713028413410 2.625118492808470E-12      6.37424769
0.620000000000000 1.452793935549520 3.213762589382440E-12      6.39799515
0.640000000000000 1.451917761908730 3.924804925503620E-12      6.42194959
0.660000000000000 1.451077972985230 4.782618745480250E-12      6.44611802
0.680000000000000 1.450269033089880 5.816028214589150E-12      6.47050739
0.700000000000000 1.449486228424070 7.059242079776600E-12      6.49512460
0.720000000000000 1.448725525854470 8.553213692863440E-12      6.51997660
0.740000000000000 1.447983459347620 1.034605734417940E-11      6.54507035
0.760000000000000 1.447257038013780 1.249528258640000E-11      6.57041290
0.780000000000000 1.446543671165480 1.506919936056230E-11      6.59601137
0.800000000000000 1.445841106870970 1.814869088345720E-11      6.62187302
0.820000000000001 1.445147381284870 2.182998226629710E-11      6.64800521
0.840000000000001 1.444460776640800 2.622682626629570E-11      6.67441547
0.860000000000001 1.443779786248760 3.147448924753490E-11      6.70111150
0.880000000000001 1.443103085189300 3.773270584872540E-11      6.72810117
0.900000000000001 1.442429505666230 4.519132290603520E-11      6.75539256
0.920000000000001 1.441758016188150 5.407452263739290E-11      6.78299397
0.940000000000000 1.441087703912500 6.464795365701550E-11      6.81091392
0.960000000000001 1.440417759613750 7.722589234759880E-11      6.83916117
0.980000000000001 1.439747464838620 9.217915319936760E-11      6.86774478
1.000000000000000 1.439076180891790 1.099471902410440E-10      6.89667403
1.020000000000000 1.438403339359670 1.310475755689210E-10      6.92595854
1.040000000000000 1.437728433931600 1.560923612586860E-10      6.95560819
1.060000000000000 1.437051013319460 1.858028175760750E-10      6.98563323
1.080000000000000 1.436370675110440 2.210297500582220E-10      7.01604419
1.100000000000000 1.435687060415210 2.627752182515760E-10      7.04685199
1.120000000000000 1.434999849196280 3.122190284088330E-10      7.07806790
1.140000000000000 1.434308756179890 3.707494311555590E-10      7.10970357
1.160000000000000 1.433613527269750 4.399983710712260E-10      7.14177106
1.180000000000000 1.432913936393980 5.218829812747570E-10      7.17428283
1.200000000000000 1.432209782726510 6.186542111930040E-10      7.20725177
1.220000000000000 1.431500888233590 7.329520879117980E-10      7.24069123
1.240000000000000 1.430787095502720 8.678702756448330E-10      7.27461501
1.260000000000000 1.430068265817920 1.027032028866340E-09      7.30903741
1.280000000000000 1.429344277450150 1.214675859895210E-09      7.34397321
1.300000000000000 1.428615024136030 1.435756374901230E-09      7.37943772
1.320000000000000 1.427880413721990 1.696059404032720E-09      7.41544681
1.340000000000000 1.427140366953610 2.002335558210640E-09      7.45201686
1.360000000000000 1.426394816393070 2.362452983240000E-09      7.48916488
1.380000000000000 1.425643705449610 2.785573549601850E-09      7.52690846
1.400000000000000 1.424886987509810 3.282354860134620E-09      7.56526581
1.420000000000000 1.424124625156450 3.865179676321160E-09      7.60425578
1.440000000000000 1.423356589465860 4.548429022310780E-09      7.64389789
1.460000000000000 1.422582859374820 5.348768705726310E-09      7.68421237
1.480000000000000 1.421803421109870 6.285510445458440E-09      7.72522014
1.500000000000000 1.421018267671550 7.380996813743930E-09      7.76694288
1.520000000000000 1.420227398368170 8.661050987512910E-09      7.80940302
1.540000000000000 1.419430818393510 1.015548412031110E-08      7.85262378
1.560000000000000 1.418628538443990 1.189867215867220E-08      7.89662923
1.580000000000000 1.417820574370990 1.393020987450200E-08      7.94144426
1.600000000000000 1.417006946864820 1.629564816418850E-08      7.98709465
1.620000000000000 1.416187681166930 1.904732649382620E-08      8.03360708
1.640000000000000 1.415362806807480 2.224531847616620E-08      8.08100921
1.660000000000000 1.414532357365790 2.595847459208040E-08      8.12932961
1.680000000000000 1.413696370251120 3.026561612440300E-08      8.17859792
1.700000000000000 1.412854886501830 3.525694403094800E-08      8.22884479
1.720000000000000 1.412007950601060 4.103534823052260E-08      8.28010195
1.740000000000000 1.411155610307160 4.771830530714280E-08      8.33240228
1.760000000000000 1.410297916497490 5.543947678710030E-08      8.38577977
1.780000000000000 1.409434923023880 6.435112787084310E-08      8.44026965
1.800000000000000 1.408566686579030 7.462616014031200E-08      8.49590839
1.820000000000000 1.407693266572310 8.646074167728560E-08      8.55273371
1.840000000000000 1.406814725013990 1.000772529291540E-07      8.61078470
1.860000000000000 1.405931126407210 1.157273260554700E-07      8.67010182
1.880000000000000 1.405042537646590 1.336953817654420E-07      8.73072693
1.900000000000000 1.404149027922780 1.543024533701140E-07      8.79270342
1.920000000000000 1.403250668632270 1.779104109034260E-07      8.85607618
1.940000000000000 1.402347533291870 2.049266020764940E-07      8.92089169
1.960000000000000 1.401439697456980 2.358089413179170E-07      8.98719808
1.980000000000000 1.400527238643550 2.710714654963200E-07      9.05504519
2.000000000000000 1.399610236252690 3.112904334856560E-07      9.12448460
